#	GID	0	30	60	90	120	150	180	210	240	270	300	330	360	390
16	YAL017W  	1.180000	-0.130000	-0.070000	-0.130000	-0.550000	-0.660000	-0.340000	-0.090000	0.150000	0.080000	-0.250000	0.420000	0.340000	0.030000
17	YAL018C  	-0.240000	1.130000	0.070000	0.470000	0.340000	-0.150000	-0.290000	-0.240000	-0.080000	-0.520000	-0.150000	-0.220000	-0.490000	0.360000
21	YAL022C  	-1.160000	-0.710000	-0.710000	-0.240000	-0.750000	-0.110000	-0.420000	-0.010000	0.530000	0.580000	1.490000	0.720000	0.510000	0.290000
22	YAL023C  	-1.150000	-0.830000	-0.760000	-0.320000	0.170000	0.170000	0.490000	0.640000	0.530000	0.580000	-0.030000	0.490000	0.040000	-0.030000
24	YAL025C  	-1.010000	-0.390000	0.030000	0.580000	1.120000	0.580000	0.180000	0.180000	-0.110000	0.250000	-0.130000	-0.620000	-0.340000	-0.320000
33	YAL034C  	1.140000	0.110000	-0.680000	0.000000	-0.290000	-0.360000	-0.190000	0.070000	0.070000	0.010000	-0.250000	0.100000	0.070000	0.190000
36	YAL036C  	-1.220000	-0.440000	-0.490000	0.530000	0.830000	0.250000	0.480000	-0.050000	0.240000	0.460000	-0.240000	-0.180000	-0.370000	0.200000
53	YAL054C  	-1.500000	0.410000	-0.500000	-0.220000	-1.350000	-1.390000	-0.390000	0.680000	1.110000	0.770000	-0.330000	0.850000	1.170000	0.680000
55	YAL056W  	0.610000	0.300000	-1.140000	-0.360000	0.190000	-0.080000	-0.140000	0.100000	-0.070000	0.070000	0.140000	0.170000	-0.040000	0.250000
84	YAR027W  	1.190000	0.120000	0.410000	-0.410000	-0.640000	-0.430000	-0.490000	-0.030000	-0.050000	-0.140000	-0.280000	0.290000	0.190000	0.260000
85	YAR028W  	1.540000	-0.040000	-0.060000	-0.430000	-0.070000	-0.250000	-0.210000	-0.090000	-0.090000	-0.210000	-0.070000	0.160000	0.060000	-0.230000
89	YAR033W  	1.220000	0.240000	0.180000	-0.130000	-0.450000	-0.310000	-0.250000	-0.250000	-0.250000	-0.230000	-0.040000	0.040000	0.290000	-0.040000
102	YAR062W  	-1.140000	-0.310000	1.200000	-0.380000	-0.460000	-0.380000	-0.140000	0.270000	0.070000	0.270000	-0.110000	0.360000	0.320000	0.420000
107	YAR070C  	0.260000	-0.220000	-0.050000	0.200000	-0.260000	-0.200000	-0.460000	0.040000	-0.070000	-0.340000	1.660000	-0.080000	-0.380000	-0.120000
108	YAR071W  	-1.020000	1.110000	0.340000	0.180000	0.160000	0.090000	0.160000	-0.250000	-0.410000	-0.090000	0.080000	0.000000	-0.320000	-0.020000
109	YAR073W  	-1.620000	-0.840000	0.060000	0.120000	0.120000	0.330000	0.250000	0.620000	0.190000	0.580000	0.240000	0.160000	-0.240000	0.060000
110	YAR074C  	-1.280000	-0.330000	-0.220000	0.000000	0.420000	0.520000	0.130000	0.270000	0.230000	0.430000	0.130000	0.140000	-0.260000	-0.170000
113	YBL002W  	-1.630000	-1.220000	-1.110000	-0.580000	0.110000	0.720000	1.180000	0.890000	0.870000	0.420000	0.540000	0.590000	-0.130000	-0.650000
114	YBL003C  	-1.630000	-0.680000	0.040000	-0.940000	-0.340000	0.430000	0.550000	1.030000	0.810000	0.540000	0.390000	0.450000	-0.060000	-0.590000
121	YBL008W  	-0.390000	1.630000	-0.510000	-0.370000	0.380000	-0.080000	0.050000	0.280000	-0.340000	-0.070000	-0.050000	-0.250000	-0.200000	-0.070000
139	YBL026W  	-0.010000	-0.070000	-0.260000	1.180000	0.010000	-0.110000	-0.180000	0.110000	0.030000	-0.170000	-0.170000	0.110000	-0.260000	-0.200000
140	YBL027W  	-1.120000	-0.310000	0.160000	-0.260000	0.320000	0.570000	0.140000	0.620000	0.330000	0.080000	-0.100000	-0.160000	-0.120000	-0.160000
143	YBL030C  	-1.110000	-0.580000	-0.250000	0.370000	-0.130000	0.080000	0.190000	0.260000	0.180000	0.230000	-0.080000	0.450000	0.360000	0.040000
147	YBL034C  	1.570000	-0.520000	0.040000	0.050000	0.150000	0.220000	0.120000	-0.280000	0.160000	0.010000	-0.200000	-0.280000	-0.470000	-0.560000
152	YBL039C  	-1.670000	-0.460000	0.190000	0.450000	0.850000	0.620000	0.180000	0.310000	-0.160000	0.750000	-0.120000	-0.530000	-0.410000	0.010000
154	YBL041W  	0.140000	0.180000	-1.410000	0.050000	-0.330000	-0.410000	-0.470000	0.430000	0.350000	0.260000	-0.130000	0.330000	0.620000	0.390000
156	YBL043W  	-1.410000	0.260000	-6.220000	0.930000	0.510000	0.510000	0.320000	0.880000	0.920000	0.920000	0.190000	0.970000	0.530000	0.710000
162	YBL049W  	0.530000	0.210000	1.420000	0.030000	-0.610000	-0.330000	-0.490000	-0.270000	-0.090000	0.000000	-0.160000	0.170000	-0.530000	0.140000
167	YBL054W  	-0.120000	-0.530000	-0.260000	0.890000	1.100000	0.710000	0.020000	-0.140000	-0.020000	0.580000	-0.390000	-0.780000	-0.640000	-0.410000
176	YBL063W  	-0.310000	-0.560000	0.100000	-0.060000	-0.030000	-0.140000	0.320000	0.240000	0.660000	0.650000	-0.060000	0.300000	-1.270000	0.140000
182	YBL069W  	-1.180000	0.020000	0.200000	0.100000	-0.170000	-0.120000	0.210000	0.260000	0.160000	0.090000	0.270000	0.280000	-0.320000	0.200000
184	YBL071C  	-1.350000	-0.140000	0.800000	0.370000	0.460000	0.090000	0.220000	0.310000	-0.080000	-0.010000	-0.060000	-0.300000	-0.520000	0.210000
186	YBL073W  	-0.590000	0.350000	0.450000	0.080000	0.000000	0.070000	0.180000	-0.070000	0.100000	0.030000	0.210000	0.050000	-1.180000	0.320000
190	YBL077W  	-1.220000	-0.510000	-0.300000	-0.320000	0.460000	0.500000	0.490000	0.300000	0.210000	0.340000	0.180000	0.000000	-0.220000	0.110000
191	YBL078C  	2.440000	0.460000	0.360000	-0.260000	-0.750000	-0.880000	-0.570000	-0.260000	-0.060000	-0.680000	-0.320000	0.140000	0.320000	0.060000
195	YBL082C  	-1.000000	-0.400000	-0.430000	0.160000	0.160000	-0.020000	-0.080000	0.330000	0.330000	0.390000	-0.120000	0.390000	0.120000	0.190000
199	YBL086C  	1.530000	-0.180000	-0.140000	0.090000	-0.160000	-0.440000	-0.100000	0.230000	-0.180000	-0.530000	-0.440000	0.220000	-0.080000	0.170000
200	YBL087C  	-1.490000	-0.590000	-0.240000	0.020000	0.370000	0.190000	0.480000	0.360000	0.450000	0.390000	-0.270000	0.160000	-0.080000	0.260000
225	YBL111C  	-1.580000	-0.340000	0.750000	-0.220000	-0.040000	0.120000	0.530000	-0.040000	0.070000	0.430000	-0.160000	0.180000	0.000000	0.310000
227	YBL113C  	-1.410000	-0.100000	-0.720000	0.010000	0.160000	0.390000	0.510000	0.250000	0.310000	0.380000	-0.340000	0.110000	0.200000	0.250000
229	YBR002C  	0.050000	0.100000	0.310000	-0.090000	0.040000	0.100000	0.130000	0.310000	0.140000	0.540000	-0.180000	-1.280000	-0.200000	0.050000
232	YBR005W  	1.090000	-0.080000	-0.120000	-0.060000	0.000000	-0.610000	-0.230000	0.030000	0.050000	-0.140000	-0.250000	0.190000	-0.040000	0.170000
236	YBR009C  	-1.510000	-1.640000	-1.330000	-0.830000	0.140000	0.460000	1.210000	1.250000	1.070000	0.680000	0.340000	0.690000	0.110000	-0.640000
237	YBR010W  	-0.560000	-1.520000	-1.380000	-0.630000	-0.100000	0.920000	0.870000	0.880000	0.840000	0.580000	0.050000	0.600000	-0.140000	-0.400000
248	YBR019C  	0.370000	-0.170000	0.410000	0.000000	-0.060000	0.060000	0.350000	-0.040000	0.220000	-0.020000	-0.220000	0.250000	-1.370000	0.240000
249	YBR020W  	-0.200000	0.220000	1.110000	0.220000	-0.210000	0.000000	-0.300000	0.020000	0.290000	0.090000	-0.690000	-0.030000	-0.490000	-0.030000
263	YBR034C  	-1.040000	-0.650000	-0.510000	-0.020000	0.460000	0.530000	0.050000	0.320000	0.220000	0.660000	-0.010000	-0.080000	0.100000	-0.040000
267	YBR038W  	-1.200000	-1.650000	-1.200000	-1.580000	-1.150000	-0.610000	-0.490000	0.390000	1.160000	1.310000	1.300000	1.600000	1.230000	0.880000
280	YBR051W  	1.160000	0.870000	0.430000	-0.400000	-0.910000	-0.620000	-0.400000	-0.310000	0.160000	-0.670000	0.170000	0.320000	0.250000	-0.060000
282	YBR053C  	1.080000	0.380000	0.080000	0.050000	-0.780000	-0.950000	-0.810000	-0.650000	0.250000	0.190000	-0.360000	0.680000	0.530000	0.320000
285	YBR056W  	1.270000	0.150000	-0.040000	-0.220000	-1.010000	-0.710000	-0.930000	0.050000	0.220000	-0.120000	-0.540000	0.380000	0.800000	0.700000
298	YBR069C  	-1.620000	0.020000	-0.240000	-0.050000	0.070000	0.050000	0.140000	0.190000	0.530000	-0.020000	-0.150000	0.440000	0.500000	0.140000
301	YBR072W  	2.350000	1.590000	-0.050000	1.140000	-0.180000	-0.640000	-1.520000	-0.610000	-0.390000	-0.770000	-1.940000	-0.240000	0.750000	0.500000
302	YBR073W  	-0.760000	-1.160000	-0.430000	0.310000	0.740000	0.560000	0.770000	0.230000	0.230000	0.680000	-0.230000	-0.050000	-0.810000	-0.090000
304	YBR075W  	-1.090000	0.050000	-0.120000	0.370000	0.300000	-0.020000	0.310000	-0.070000	0.220000	-0.050000	-0.320000	0.370000	-0.040000	0.070000
307	YBR078W  	-2.610000	-1.800000	-1.240000	-0.800000	0.010000	0.600000	0.800000	1.150000	0.980000	0.920000	0.600000	0.660000	0.520000	0.210000
315	YBR085W  	-1.210000	-0.630000	-0.180000	-0.210000	-0.090000	0.010000	-0.190000	0.310000	0.740000	0.370000	-0.160000	0.390000	0.640000	0.210000
318	YBR088C  	-1.800000	-1.430000	-0.560000	0.260000	0.960000	0.860000	1.030000	0.700000	0.450000	0.260000	0.260000	-0.210000	-0.490000	-0.300000
319	YBR089W  	-1.620000	-1.260000	-0.060000	-0.140000	0.910000	1.230000	0.720000	0.690000	0.220000	0.230000	0.550000	-0.230000	-1.160000	-0.060000
323	YBR092C  	-1.220000	-0.130000	-0.330000	-0.050000	-0.220000	-0.130000	-0.410000	0.150000	0.200000	0.730000	0.200000	0.500000	0.190000	0.510000
324	YBR093C  	-1.490000	0.710000	0.140000	-0.230000	0.010000	0.050000	-0.190000	-0.090000	-0.020000	0.330000	0.010000	0.410000	0.200000	0.160000
332	YBR101C  	1.630000	-0.360000	0.390000	0.300000	0.470000	0.710000	0.260000	-0.720000	-0.070000	-0.400000	0.170000	-1.360000	-0.830000	-0.200000
337	YBR106W  	-1.810000	-0.440000	-0.590000	-0.380000	0.130000	0.510000	-0.190000	0.700000	0.390000	0.630000	0.000000	0.520000	0.200000	0.320000
347	YBR116C  	0.520000	0.030000	-0.110000	0.690000	-0.430000	-0.870000	-0.900000	0.700000	0.100000	-0.600000	-1.360000	-0.020000	0.920000	1.310000
348	YBR117C  	0.310000	0.010000	0.740000	0.980000	0.010000	-0.490000	-0.660000	-0.450000	-0.030000	-0.660000	-1.820000	-0.040000	1.020000	1.080000
350	YBR119W  	1.360000	0.060000	0.140000	0.120000	0.220000	-0.120000	-0.120000	-0.260000	-0.220000	-0.520000	-0.030000	-0.240000	-0.140000	-0.220000
375	YBR144C  	0.160000	-0.580000	0.050000	0.080000	0.030000	0.120000	0.720000	0.030000	-0.060000	-0.150000	0.150000	0.410000	-1.070000	0.120000
385	YBR154C  	1.770000	-0.430000	-0.380000	-0.030000	0.230000	0.530000	-0.290000	-0.140000	-0.380000	0.110000	0.180000	-0.360000	-0.580000	-0.250000
386	YBR155W  	-1.000000	-0.360000	-0.020000	0.360000	0.530000	0.230000	0.360000	0.060000	0.340000	0.220000	-0.040000	-0.230000	-0.310000	-0.130000
388	YBR157C  	1.640000	0.670000	0.640000	0.550000	0.030000	-0.340000	-0.460000	-0.360000	-0.250000	-0.650000	-0.710000	-0.220000	-0.220000	-0.310000
389	YBR158W  	0.610000	-0.430000	-0.360000	-0.280000	-0.130000	-0.640000	-0.920000	-0.720000	-0.430000	-0.280000	0.530000	0.720000	1.350000	0.990000
393	YBR162C  	-0.930000	-2.030000	-0.140000	-1.550000	-0.930000	-0.180000	0.330000	0.450000	0.740000	0.800000	0.670000	0.940000	0.880000	0.950000
395	YBR163W  	-0.640000	-1.060000	-0.040000	0.060000	-0.080000	-0.080000	0.280000	-0.060000	0.340000	0.100000	0.500000	0.210000	0.280000	0.180000
401	YBR169C  	2.080000	0.070000	0.440000	0.510000	-0.470000	-0.930000	-0.380000	-0.360000	0.070000	-0.120000	-0.870000	0.150000	-0.250000	0.050000
413	YBR181C  	-1.390000	-0.570000	-0.160000	-0.020000	0.300000	0.410000	0.030000	0.500000	0.480000	0.510000	-0.110000	0.140000	-0.060000	-0.050000
419	YBR187W  	-1.240000	-0.170000	-0.340000	-0.320000	0.060000	-0.190000	-0.090000	0.610000	0.410000	0.670000	-0.020000	0.130000	0.210000	0.290000
421	YBR189W  	-1.090000	-0.260000	-0.150000	0.160000	0.510000	0.210000	-0.040000	0.600000	0.260000	0.180000	-0.110000	-0.070000	-0.080000	-0.130000
423	YBR191W  	-1.100000	0.060000	-0.440000	0.140000	0.160000	0.140000	0.010000	0.500000	0.270000	0.290000	-0.030000	0.040000	-0.130000	0.110000
434	YBR202W  	-1.200000	-0.620000	-0.520000	-0.040000	0.020000	-0.080000	-0.150000	-0.030000	0.530000	0.870000	-0.130000	0.680000	0.480000	0.190000
440	YBR208C  	1.200000	-0.630000	-0.050000	0.430000	-0.010000	0.090000	0.400000	-0.250000	0.070000	0.070000	-0.270000	-0.400000	-0.660000	0.010000
446	YBR214W  	1.810000	0.550000	0.170000	-0.280000	-1.090000	-0.880000	-0.510000	-0.240000	0.070000	-0.390000	-0.460000	0.640000	0.420000	0.200000
448	YBR216C  	1.360000	0.050000	0.070000	0.000000	-0.110000	-0.320000	-0.020000	-0.170000	-0.350000	0.000000	-0.190000	0.030000	-0.190000	-0.130000
454	YBR222C  	-1.300000	-0.070000	-0.360000	-0.810000	-0.360000	-0.380000	-0.150000	0.220000	0.750000	0.860000	-0.100000	0.730000	0.410000	0.540000
467	YBR235W  	-0.280000	-0.460000	0.490000	1.670000	-0.430000	-0.180000	-0.290000	0.190000	-0.430000	0.120000	-0.440000	0.260000	-0.350000	0.120000
469	YBR237W  	0.310000	-0.410000	-0.320000	0.110000	-0.120000	0.070000	-0.480000	0.090000	0.180000	-0.140000	1.550000	-0.120000	-0.760000	0.050000
470	YBR238C  	-0.970000	-0.690000	-0.220000	0.140000	0.560000	0.550000	0.490000	-0.030000	0.200000	0.700000	0.140000	0.030000	-1.050000	0.130000
474	YBR242W  	-0.390000	-0.830000	0.080000	0.070000	0.420000	0.290000	0.420000	0.190000	0.320000	-1.220000	0.330000	0.140000	0.070000	0.100000
475	YBR243C  	-0.940000	-0.650000	-0.780000	-0.540000	-0.450000	-0.070000	0.160000	1.020000	0.690000	0.700000	-0.120000	0.530000	0.300000	0.160000
479	YBR247C  	-1.150000	-0.350000	-0.460000	0.540000	0.680000	0.650000	0.260000	0.240000	0.130000	0.470000	-0.270000	-0.310000	-0.440000	-0.010000
480	YBR248C  	-1.140000	-0.220000	-0.470000	0.470000	0.240000	0.060000	0.080000	-0.020000	0.160000	0.200000	-0.180000	0.520000	0.160000	0.140000
481	YBR249C  	-1.470000	-0.620000	-0.590000	-0.070000	0.050000	0.500000	0.310000	0.680000	0.600000	0.470000	-0.320000	0.280000	0.160000	0.030000
482	YBR250W  	-0.030000	-0.310000	-0.030000	0.200000	0.200000	0.050000	0.050000	0.110000	0.460000	0.110000	0.050000	0.160000	-1.120000	0.110000
484	YBR252W  	-1.120000	-0.540000	-0.070000	-0.120000	0.410000	0.570000	0.450000	0.160000	0.210000	0.130000	0.080000	0.010000	-0.010000	-0.160000
495	YBR263W  	-1.120000	-0.330000	-0.710000	0.200000	-0.150000	0.270000	0.150000	0.490000	0.180000	0.280000	0.100000	0.180000	0.120000	0.340000
499	YBR267W  	-1.360000	-0.380000	-0.130000	0.430000	1.010000	0.570000	-0.050000	0.400000	0.070000	0.300000	-0.060000	-0.460000	-0.500000	0.160000
510	YBR278W  	-0.300000	1.060000	-0.100000	0.270000	0.020000	0.130000	0.130000	-0.120000	-0.190000	-0.370000	-0.130000	-0.270000	-0.020000	-0.100000
517	YBR285W  	1.490000	0.250000	0.220000	-0.420000	-0.500000	-0.640000	-0.200000	-0.250000	-0.150000	-0.570000	0.160000	0.190000	0.220000	0.200000
519	YBR287W  	1.110000	-0.020000	0.540000	-0.620000	-0.500000	-0.730000	-0.180000	-0.010000	-0.040000	-0.200000	-0.020000	0.150000	0.190000	0.340000
528	YBR296C  	-0.590000	1.310000	0.650000	0.350000	0.190000	-0.010000	-0.040000	-0.150000	-0.380000	-0.380000	-0.440000	-0.040000	-0.240000	-0.220000
547	YCL013W  	-1.200000	-0.440000	-0.510000	-0.380000	-0.220000	0.070000	0.030000	0.240000	0.330000	0.620000	0.570000	0.560000	-0.030000	0.380000
551	YCL018W  	-1.010000	-0.190000	-0.140000	0.030000	0.130000	0.050000	-0.140000	0.070000	-0.050000	0.020000	0.140000	0.230000	0.310000	0.560000
555	YCL022C  	-1.210000	-0.440000	-0.020000	0.510000	0.700000	0.470000	0.260000	0.410000	-0.020000	-0.050000	0.040000	-0.340000	-0.380000	0.070000
557	YCL024W  	-1.010000	-0.370000	-0.100000	0.230000	0.580000	0.550000	0.190000	0.300000	0.160000	0.040000	-0.030000	-0.150000	-0.530000	0.130000
565	YCL032W  	0.570000	0.140000	-1.830000	-0.280000	-0.070000	-0.050000	0.340000	0.240000	0.060000	0.010000	0.140000	0.210000	0.200000	0.300000
568	YCL035C  	1.420000	-0.130000	0.010000	0.630000	-0.140000	-0.380000	-0.410000	-0.040000	-0.270000	-0.450000	-0.410000	0.030000	0.030000	0.120000
575	YCL042W  	0.390000	0.450000	0.070000	-0.640000	-1.080000	-1.050000	-0.800000	-0.080000	0.590000	-0.030000	-0.440000	0.820000	0.920000	0.880000
587	YCL054W  	-1.110000	-0.020000	-0.020000	0.020000	0.640000	0.770000	0.370000	0.220000	-0.190000	0.250000	0.040000	-0.560000	-0.380000	-0.020000
597	YCL064C  	1.480000	0.120000	0.260000	0.280000	-0.020000	-0.890000	-1.460000	-0.870000	0.010000	0.380000	-0.120000	0.110000	0.290000	0.440000
600	YCL067C  	1.280000	0.020000	0.320000	0.470000	0.250000	-0.180000	0.050000	-0.320000	-0.360000	-0.500000	-0.020000	-0.320000	-0.260000	-0.430000
626	YCR009C  	1.230000	-0.230000	-0.140000	-0.250000	0.100000	0.020000	-0.720000	0.050000	-0.050000	-0.130000	0.020000	0.000000	0.160000	-0.060000
627	YCR010C  	-0.850000	0.470000	-0.480000	-1.060000	-1.820000	-1.270000	-0.500000	0.460000	1.260000	0.640000	0.470000	1.140000	1.160000	0.400000
639	YCR021C  	4.950000	0.360000	1.020000	-0.460000	-1.510000	-1.420000	-1.250000	-0.770000	-0.250000	-0.370000	-0.060000	0.360000	-0.130000	-0.460000
654	YCR034W  	-1.820000	-0.320000	-0.270000	-0.250000	0.220000	0.640000	0.810000	0.680000	0.110000	0.310000	0.360000	-0.020000	-0.420000	-0.020000
659	YCR039C  	1.040000	0.180000	0.410000	0.390000	0.070000	-0.170000	-0.080000	-0.210000	-0.390000	-0.450000	0.180000	-0.450000	-0.230000	-0.300000
674	YCR054C  	-0.360000	0.140000	-0.140000	0.450000	0.690000	0.500000	-0.040000	-0.120000	-0.140000	-0.020000	0.200000	-0.020000	-1.340000	0.200000
676	YCR056W  	-0.620000	-0.350000	-0.150000	0.050000	1.060000	0.560000	-0.200000	0.080000	0.100000	0.500000	0.110000	-0.580000	-0.550000	-0.020000
677	YCR057C  	-1.150000	-0.040000	-0.220000	0.570000	0.750000	0.800000	0.170000	-0.040000	0.040000	0.180000	-0.130000	-0.370000	-0.430000	-0.110000
685	YCR065W  	-1.430000	-0.950000	-0.190000	0.050000	0.030000	0.630000	0.670000	0.660000	0.060000	0.320000	0.150000	0.140000	-0.220000	0.080000
692	YCR072C  	-0.740000	-0.120000	0.160000	0.170000	1.130000	0.240000	-0.370000	0.050000	-0.030000	0.240000	-0.030000	-0.290000	-0.390000	-0.030000
694	YCR074C  	1.030000	0.180000	-0.100000	-0.540000	-0.360000	-0.310000	-0.220000	0.050000	-0.190000	-0.330000	0.070000	0.110000	0.230000	0.380000
709	YCR090C  	-0.050000	-0.110000	-0.080000	1.570000	-0.080000	0.480000	0.400000	-0.090000	-0.860000	-0.240000	-0.620000	-0.220000	-0.140000	0.020000
710	YCR091W  	1.580000	0.070000	-0.100000	-0.470000	-0.750000	-0.730000	-0.450000	0.040000	0.050000	-0.380000	-0.230000	0.340000	0.660000	0.370000
715	YCR096C  	1.120000	0.140000	0.070000	0.090000	0.140000	0.070000	-0.030000	-0.270000	-0.250000	-0.380000	0.150000	-0.360000	-0.110000	-0.380000
717	YCR097WB 	1.290000	0.230000	0.010000	0.220000	0.140000	0.040000	-0.090000	-0.300000	-0.320000	-0.630000	0.150000	-0.260000	-0.230000	-0.260000
718	YCR098C  	0.100000	1.560000	1.310000	1.350000	1.320000	0.820000	0.130000	-0.390000	-1.060000	-1.270000	-0.420000	-0.980000	-1.470000	-1.020000
740	YCRX13W  	1.070000	0.070000	-0.090000	-0.220000	-0.440000	-0.320000	-0.520000	0.030000	0.050000	-0.050000	-0.100000	0.220000	-0.030000	0.350000
751	YDL003W  	-0.890000	-1.540000	-0.920000	0.370000	0.890000	1.140000	0.890000	0.830000	-0.030000	-0.010000	0.190000	-0.350000	-0.650000	0.060000
756	YDL008W  	0.620000	0.100000	-0.240000	-1.070000	0.040000	0.100000	0.350000	-0.020000	0.100000	-0.200000	0.090000	-0.020000	0.040000	0.100000
768	YDL020C  	1.360000	0.550000	0.010000	-0.250000	-0.370000	-0.330000	-0.760000	-0.410000	-0.060000	-0.090000	-0.060000	0.280000	0.050000	0.080000
769	YDL021W  	2.070000	0.560000	0.340000	0.380000	-0.180000	-0.730000	-0.650000	-0.490000	-0.220000	-0.540000	-0.390000	0.030000	-0.280000	0.110000
770	YDL022W  	1.470000	0.420000	0.460000	-0.100000	-0.580000	-0.640000	-0.940000	-0.260000	-0.120000	-0.500000	-0.270000	0.410000	0.290000	0.350000
771	YDL023C  	1.610000	0.380000	0.430000	0.140000	-0.340000	-0.780000	-0.530000	-0.360000	-0.040000	-0.620000	-0.420000	0.250000	0.110000	0.170000
773	YDL025C  	1.070000	-0.050000	0.090000	0.330000	0.040000	-0.440000	-0.140000	0.060000	-0.060000	-0.300000	-0.190000	-0.060000	-0.300000	-0.050000
774	YDL026W  	1.320000	0.300000	0.200000	-0.910000	-0.520000	-0.110000	-0.010000	-0.040000	-0.140000	-0.260000	0.130000	0.090000	-0.040000	-0.020000
775	YDL027C  	1.420000	-0.280000	0.120000	0.470000	-0.090000	-0.280000	-0.290000	0.090000	-0.260000	-0.480000	-0.060000	0.020000	-0.340000	-0.040000
797	YDL048C  	2.090000	-0.110000	0.020000	-0.050000	-0.050000	-0.470000	-0.310000	-0.020000	-0.190000	-0.110000	-0.380000	-0.290000	-0.070000	-0.070000
803	YDL054C  	-0.320000	0.110000	1.230000	-0.360000	-0.710000	-0.270000	-0.090000	0.050000	-0.040000	0.040000	0.190000	-0.160000	0.050000	0.280000
804	YDL055C  	-0.740000	-1.090000	-1.270000	-0.710000	-0.200000	0.640000	0.590000	0.620000	0.160000	0.350000	0.470000	0.270000	0.440000	0.460000
809	YDL060W  	-1.590000	0.450000	0.340000	0.300000	0.430000	0.670000	0.220000	0.220000	-0.210000	0.280000	-0.050000	-0.490000	-0.670000	0.100000
810	YDL061C  	-1.220000	-0.140000	0.400000	0.040000	-0.040000	0.400000	0.550000	0.280000	-0.060000	0.320000	0.240000	0.060000	-0.520000	-0.320000
812	YDL063C  	-1.150000	0.160000	-0.010000	0.640000	0.980000	0.680000	0.340000	-0.150000	-0.190000	0.530000	0.210000	-0.770000	-0.990000	-0.290000
832	YDL083C  	0.130000	-0.050000	0.340000	1.360000	0.430000	0.870000	0.680000	0.250000	-0.690000	-0.660000	-0.420000	-1.310000	-0.610000	-0.330000
840	YDL091C  	1.600000	0.250000	-0.120000	-0.340000	-0.400000	-0.240000	-0.020000	-0.180000	0.030000	-0.590000	0.010000	0.010000	0.110000	-0.140000
845	YDL096C  	-1.300000	-0.460000	-0.500000	-0.660000	0.130000	0.150000	0.110000	0.700000	0.480000	0.560000	0.180000	0.330000	-0.020000	0.290000
850	YDL101C  	-1.270000	-0.690000	-0.370000	-0.290000	0.050000	0.570000	0.790000	0.540000	0.180000	0.330000	0.260000	0.320000	-0.290000	-0.130000
851	YDL102W  	-1.540000	-0.410000	0.070000	0.070000	0.180000	0.490000	0.360000	0.250000	0.140000	0.300000	0.200000	-0.130000	-0.160000	0.180000
864	YDL115C  	1.230000	0.230000	-0.110000	-0.070000	-0.090000	-0.240000	-0.310000	-0.260000	-0.220000	-0.390000	0.230000	0.050000	0.050000	-0.110000
866	YDL117W  	-0.940000	-0.400000	-0.420000	-0.570000	-0.360000	-0.150000	-0.170000	-0.230000	0.090000	0.170000	0.330000	1.170000	0.920000	0.570000
873	YDL124W  	1.070000	0.190000	0.950000	0.000000	-1.160000	-1.350000	-0.650000	-0.310000	0.160000	-0.160000	-0.720000	0.730000	0.750000	0.500000
878	YDL129W  	0.600000	0.100000	-0.370000	-0.010000	0.280000	0.100000	0.170000	0.020000	0.020000	0.290000	0.260000	-0.430000	-1.060000	0.050000
879	YDL130W  	-1.060000	-0.670000	-0.040000	0.320000	0.050000	0.040000	0.200000	0.200000	0.410000	0.420000	0.240000	0.160000	0.000000	-0.250000
891	YDL141W  	-1.210000	-0.350000	-0.510000	-0.510000	-0.020000	0.250000	-0.020000	0.330000	0.670000	0.710000	-0.170000	0.690000	0.130000	0.040000
897	YDL147W  	1.330000	0.310000	-0.130000	-0.080000	-0.480000	-0.420000	-0.200000	-0.300000	-0.130000	-0.100000	0.060000	0.260000	0.060000	-0.150000
900	YDL150W  	-0.990000	-0.280000	-0.380000	0.210000	1.050000	0.230000	0.120000	-0.120000	-0.290000	0.050000	1.550000	-0.210000	-0.680000	-0.260000
913	YDL163W  	-1.240000	-0.590000	-0.190000	-0.110000	0.560000	0.570000	0.760000	0.350000	0.190000	-0.540000	0.390000	0.120000	-0.450000	0.170000
914	YDL164C  	-1.210000	-0.600000	-0.150000	-0.320000	0.290000	0.490000	0.140000	0.470000	0.190000	0.390000	0.320000	0.040000	-0.420000	0.370000
919	YDL169C  	1.930000	0.130000	0.310000	-0.080000	-0.250000	-0.620000	-0.440000	-0.390000	-0.210000	-0.510000	-0.250000	0.100000	0.130000	0.150000
924	YDL174C  	0.670000	1.200000	0.560000	0.320000	-0.290000	-0.700000	-0.210000	0.080000	0.090000	-0.380000	-0.660000	-0.100000	-0.240000	-0.350000
932	YDL182W  	-1.200000	0.500000	0.000000	0.190000	0.350000	0.210000	-0.210000	0.030000	0.080000	0.350000	-0.060000	-0.060000	-0.140000	-0.050000
948	YDL198C  	-1.500000	-0.440000	0.220000	-1.020000	-0.210000	0.290000	0.600000	0.630000	0.320000	0.430000	0.390000	0.310000	-0.050000	0.030000
949	YDL199C  	1.260000	-0.210000	-0.010000	0.170000	-0.040000	-0.650000	-0.250000	0.110000	-0.110000	-0.250000	-0.250000	0.080000	-0.110000	0.260000
954	YDL204W  	1.490000	0.520000	-0.030000	0.130000	-1.000000	-0.970000	-0.700000	-0.180000	0.070000	-0.920000	-1.120000	0.280000	1.300000	1.130000
958	YDL208W  	-1.300000	-0.070000	0.070000	0.100000	0.790000	0.460000	-0.160000	0.360000	0.130000	0.260000	0.200000	-0.240000	-0.400000	-0.200000
963	YDL213C  	-1.020000	-0.250000	0.010000	0.380000	0.960000	0.460000	0.350000	0.130000	-0.130000	-0.080000	0.050000	-0.230000	-0.420000	-0.230000
966	YDL216C  	1.170000	-0.220000	-0.050000	-0.240000	0.040000	0.010000	-0.680000	0.130000	-0.280000	-0.050000	0.110000	0.170000	-0.510000	0.400000
972	YDL222C  	2.240000	0.940000	0.360000	0.600000	-0.790000	-1.190000	-0.770000	-0.210000	-0.020000	-0.770000	-1.850000	-0.160000	1.010000	0.600000
973	YDL223C  	-0.010000	0.200000	0.470000	1.240000	-0.550000	-0.310000	-0.620000	-0.300000	0.250000	-0.340000	-1.450000	-0.240000	0.810000	0.870000
983	YDL233W  	1.090000	-0.070000	-0.210000	-0.050000	-0.030000	-0.390000	-0.430000	-0.350000	0.110000	0.090000	-0.230000	0.200000	0.220000	0.050000
984	YDL234C  	1.510000	-0.110000	-0.160000	-0.110000	-0.340000	-0.260000	-0.240000	0.010000	-0.070000	0.050000	-0.300000	-0.020000	-0.130000	0.170000
1029	YDR031W  	1.160000	0.190000	0.150000	-0.210000	-0.350000	-0.410000	-0.330000	-0.350000	-0.040000	-0.480000	0.210000	0.020000	0.290000	0.130000
1035	YDR037W  	-1.620000	-0.080000	-0.170000	0.330000	0.410000	0.410000	0.290000	0.030000	0.180000	0.100000	0.070000	0.190000	-0.030000	-0.110000
1045	YDR047W  	-0.530000	-0.160000	-0.010000	0.090000	-0.100000	0.110000	0.230000	0.320000	-1.310000	0.220000	-0.010000	0.570000	0.380000	0.220000
1053	YDR055W  	0.600000	-0.210000	-0.610000	-0.280000	-0.580000	-0.980000	-1.020000	-0.730000	-0.170000	-0.060000	0.110000	1.400000	1.560000	0.980000
1058	YDR060W  	-1.030000	-0.430000	0.050000	0.380000	0.760000	0.500000	0.330000	0.190000	-0.110000	0.560000	-0.170000	-0.380000	-0.510000	-0.150000
1061	YDR063W  	1.220000	0.290000	-0.180000	-0.260000	-0.260000	-0.260000	-0.180000	-0.110000	-0.110000	-0.260000	0.130000	0.340000	-0.130000	-0.200000
1062	YDR064W  	-1.220000	-0.310000	-0.140000	0.360000	0.340000	0.300000	-0.020000	0.320000	0.180000	0.360000	-0.080000	-0.110000	0.050000	-0.030000
1068	YDR070C  	1.780000	1.340000	0.400000	0.400000	0.250000	0.480000	-0.030000	-0.370000	-0.290000	-1.430000	-0.370000	-1.120000	-0.550000	-0.490000
1094	YDR096W  	1.060000	-0.050000	0.310000	-0.750000	-0.780000	-0.250000	0.000000	0.260000	0.120000	-0.030000	0.110000	0.350000	-0.320000	-0.030000
1095	YDR097C  	-1.300000	-0.840000	-0.580000	0.130000	0.530000	0.900000	0.690000	0.520000	0.120000	0.250000	0.160000	-0.260000	-0.370000	0.050000
1127	YDR129C  	1.130000	0.250000	-0.070000	-0.050000	-0.190000	-0.440000	-0.170000	-0.050000	0.020000	-0.270000	-0.340000	0.180000	-0.080000	0.080000
1138	YDR140W  	-0.070000	0.150000	1.010000	-0.790000	-0.050000	0.010000	0.370000	-0.220000	-0.220000	-0.050000	0.280000	-0.170000	-0.410000	0.160000
1144	YDR146C  	-1.330000	-0.930000	0.830000	-0.730000	-0.780000	-0.850000	-0.070000	0.510000	0.640000	0.600000	0.580000	0.620000	0.610000	0.290000
1148	YDR150W  	-0.470000	-0.050000	-0.880000	-0.040000	-0.170000	-0.350000	1.080000	-0.180000	0.290000	0.510000	-0.100000	0.390000	-0.270000	0.230000
1166	YDR168W  	1.070000	-0.010000	0.050000	-0.130000	-0.130000	-0.260000	-0.360000	-0.170000	-0.110000	-0.220000	-0.060000	0.160000	0.100000	0.080000
1169	YDR171W  	2.200000	0.260000	0.120000	0.300000	-1.030000	-1.210000	-0.900000	-0.290000	0.080000	-0.450000	-0.680000	0.440000	1.000000	0.180000
1193	YDR194C  	-1.010000	-0.560000	-0.140000	0.030000	0.270000	0.450000	0.230000	0.250000	-0.080000	0.340000	0.430000	-0.040000	0.070000	-0.240000
1201	YDR202C  	1.080000	-0.320000	0.280000	-0.280000	-0.220000	-0.410000	-0.240000	0.070000	-0.080000	-0.220000	0.050000	0.000000	0.130000	0.130000
1202	YDR203W  	1.350000	0.020000	0.200000	-0.210000	-0.190000	-0.350000	-0.120000	-0.400000	0.070000	-0.190000	0.070000	-0.190000	-0.010000	-0.050000
1214	YDR215C  	0.250000	0.630000	-1.940000	0.430000	-0.030000	0.250000	0.330000	-0.080000	-0.220000	-0.280000	-0.170000	-0.100000	0.980000	-0.050000
1223	YDR224C  	-1.150000	-1.400000	-1.050000	-0.800000	-0.020000	0.560000	0.610000	1.100000	0.740000	0.640000	0.680000	0.460000	0.100000	-0.480000
1224	YDR225W  	-0.970000	-1.080000	-1.040000	-0.910000	-0.230000	0.580000	1.000000	0.840000	0.870000	0.470000	0.550000	0.760000	-0.080000	-0.780000
1225	YDR226W  	-1.360000	-0.670000	-0.170000	-0.120000	-0.120000	-0.010000	-0.170000	0.580000	0.490000	0.410000	0.000000	0.220000	0.580000	0.350000
1233	YDR234W  	-1.860000	-0.380000	0.430000	0.280000	0.550000	0.470000	0.430000	0.550000	0.190000	0.430000	-0.010000	-0.230000	-0.640000	-0.220000
1253	YDR254W  	1.220000	0.180000	0.360000	-0.440000	-0.550000	-0.400000	-0.340000	-0.130000	-0.100000	-0.060000	0.030000	0.000000	0.210000	0.030000
1254	YDR255C  	1.190000	-0.080000	0.000000	-0.220000	-0.200000	-0.330000	-0.240000	-0.040000	0.000000	-0.280000	-0.020000	0.190000	-0.040000	0.050000
1255	YDR256C  	-0.220000	0.240000	0.490000	-0.590000	-1.040000	-1.610000	-0.630000	0.290000	0.500000	0.080000	-0.030000	0.780000	1.200000	0.540000
1257	YDR258C  	1.860000	0.520000	-1.490000	0.530000	-0.960000	-0.650000	0.080000	-0.330000	-0.200000	-0.440000	-0.280000	0.450000	0.570000	0.340000
1264	YDR265W  	1.090000	-0.120000	0.070000	-0.350000	-0.040000	-0.260000	-0.240000	-0.080000	-0.080000	-0.160000	0.030000	0.150000	-0.020000	0.000000
1268	YDR269C  	1.220000	0.230000	-0.300000	-0.440000	-0.340000	-0.240000	0.010000	-0.030000	-0.100000	0.130000	0.060000	0.030000	-0.200000	-0.030000
1270	YDR271C  	1.200000	0.430000	-0.160000	-0.370000	-0.260000	-0.430000	-0.120000	-0.120000	-0.120000	-0.010000	0.380000	-0.180000	-0.120000	-0.100000
1284	YDR285W  	1.020000	0.140000	-0.100000	0.490000	-0.220000	-0.220000	0.550000	-0.040000	0.180000	-0.510000	0.080000	-0.130000	-0.730000	-0.510000
1299	YDR300C  	-1.220000	-0.260000	-0.220000	0.140000	0.350000	0.050000	-0.280000	-0.020000	0.260000	0.350000	0.120000	0.260000	-0.040000	0.510000
1308	YDR309C  	-1.090000	-1.700000	0.070000	0.470000	0.680000	0.810000	0.630000	0.430000	-0.250000	0.600000	0.100000	-0.250000	-0.700000	0.200000
1311	YDR312W  	-1.220000	-0.010000	0.230000	0.160000	0.550000	0.470000	0.380000	0.090000	-0.160000	0.320000	0.000000	-0.270000	-0.450000	-0.090000
1318	YDR319C  	1.130000	-0.070000	-0.070000	-0.090000	0.070000	-0.430000	-0.090000	0.070000	-0.020000	-0.270000	0.030000	-0.040000	-0.070000	-0.130000
1320	YDR321W  	-1.150000	-0.190000	-0.060000	0.130000	0.520000	0.180000	0.300000	0.220000	-0.040000	0.220000	-0.040000	0.000000	-0.190000	0.090000
1329	YDR330W  	0.830000	0.640000	-1.200000	0.070000	-0.410000	-0.410000	-0.270000	0.010000	0.120000	0.010000	-0.270000	0.080000	0.260000	0.550000
1345	YDR346C  	-1.030000	-0.480000	-0.550000	-0.420000	-0.010000	0.220000	0.040000	0.620000	0.320000	0.700000	0.210000	0.220000	-0.040000	0.210000
1347	YDR348C  	-0.680000	-1.000000	-0.260000	-0.360000	-0.130000	0.270000	0.210000	0.590000	0.420000	0.370000	0.330000	0.160000	0.000000	0.070000
1357	YDR358W  	1.160000	0.260000	-0.460000	-0.190000	-0.530000	-0.760000	-0.390000	0.050000	0.000000	-0.080000	-0.430000	0.400000	0.460000	0.500000
1360	YDR361C  	-0.520000	-0.400000	-0.170000	1.090000	1.280000	0.200000	0.070000	-0.080000	-0.170000	0.090000	-0.230000	-0.250000	-0.820000	-0.080000
1362	YDR363W  	1.050000	-0.060000	0.080000	0.100000	0.100000	-0.300000	-0.160000	-0.380000	-0.230000	-0.280000	-0.060000	0.240000	-0.280000	0.160000
1383	YDR384C  	-1.160000	0.260000	-0.330000	-0.540000	-0.740000	-0.710000	0.050000	0.690000	0.550000	0.320000	0.080000	0.790000	0.430000	0.300000
1384	YDR385W  	-1.240000	-0.450000	0.070000	-0.010000	-0.070000	0.140000	0.290000	0.410000	0.460000	0.500000	-0.150000	0.200000	0.020000	-0.160000
1397	YDR398W  	-1.270000	0.200000	-0.290000	0.160000	0.930000	0.570000	-0.090000	0.140000	0.000000	0.720000	0.030000	-0.610000	-0.590000	0.110000
1398	YDR399W  	-1.350000	-0.090000	-0.210000	0.270000	0.930000	1.000000	0.450000	-0.050000	-0.330000	0.330000	0.350000	-0.410000	-0.770000	-0.120000
1401	YDR402C  	-0.220000	-0.240000	-0.090000	0.040000	0.310000	-0.130000	0.270000	0.270000	0.080000	0.120000	0.390000	-0.050000	-1.070000	0.330000
1413	YDR414C  	-1.060000	0.000000	-0.380000	-0.260000	0.120000	0.220000	0.120000	0.220000	0.310000	0.260000	0.320000	-0.180000	0.100000	0.200000
1417	YDR418W  	-1.170000	-0.370000	0.000000	0.060000	0.580000	0.480000	0.160000	0.460000	0.070000	0.270000	0.120000	-0.030000	-0.300000	-0.330000
1422	YDR423C  	1.470000	-0.020000	-0.070000	-0.310000	-0.230000	-0.310000	-0.290000	-0.250000	-0.090000	-0.310000	-0.180000	0.310000	0.090000	0.180000
1424	YDR425W  	1.640000	0.270000	-0.040000	-0.230000	-0.230000	-0.390000	-0.360000	-0.120000	-0.180000	-0.360000	-0.100000	0.120000	-0.080000	0.070000
1425	YDR426C  	1.420000	0.260000	0.060000	-0.240000	-0.250000	-0.240000	0.010000	-0.170000	-0.310000	-0.270000	0.180000	-0.290000	-0.100000	-0.070000
1428	YDR429C  	-0.380000	-0.380000	-0.020000	1.170000	0.350000	0.250000	0.230000	0.140000	-0.250000	-0.140000	0.140000	-0.430000	-0.430000	-0.250000
1430	YDR431W  	-0.460000	-0.250000	-0.190000	1.590000	-0.230000	0.210000	0.190000	0.140000	-0.050000	-0.690000	0.020000	0.070000	-0.370000	0.020000
1431	YDR432W  	0.280000	0.030000	-1.090000	-0.080000	-0.370000	-0.280000	-0.060000	0.390000	0.230000	0.370000	0.040000	0.170000	0.270000	0.090000
1433	YDR434W  	1.050000	0.030000	-0.070000	0.030000	0.220000	-0.170000	0.010000	0.080000	-0.190000	-0.390000	-0.020000	-0.110000	-0.280000	-0.190000
1434	YDR435C  	1.050000	-0.380000	-0.010000	-0.550000	-0.190000	-0.210000	0.090000	0.090000	-0.120000	-0.260000	0.330000	0.040000	-0.040000	0.170000
1448	YDR449C  	-0.410000	-0.140000	0.130000	0.690000	1.060000	0.650000	0.390000	-0.050000	-0.230000	-0.140000	0.080000	-0.850000	-0.590000	-0.590000
1450	YDR451C  	-1.610000	-1.340000	-1.070000	-0.910000	-0.240000	0.240000	0.780000	1.040000	0.880000	0.860000	0.720000	0.460000	0.230000	-0.030000
1464	YDR465C  	-1.170000	-0.030000	-0.150000	0.300000	0.950000	0.720000	0.410000	0.200000	-0.170000	0.170000	0.130000	-0.400000	-0.730000	-0.240000
1470	YDR471W  	-1.160000	-0.210000	0.000000	0.320000	0.450000	0.300000	0.240000	0.290000	0.100000	-0.060000	0.040000	-0.090000	-0.110000	-0.120000
1496	YDR497C  	-1.390000	0.040000	-0.300000	-0.170000	0.330000	0.110000	0.260000	0.570000	0.290000	0.160000	0.110000	0.260000	-0.110000	-0.170000
1501	YDR502C  	-1.630000	0.280000	0.040000	0.090000	0.340000	0.520000	0.350000	0.630000	-0.050000	0.400000	0.220000	-0.230000	-0.570000	-0.380000
1506	YDR507C  	-1.690000	-1.240000	-0.840000	0.060000	0.440000	0.770000	0.890000	0.530000	0.090000	0.710000	0.110000	-0.010000	-0.110000	0.300000
1507	YDR508C  	-1.470000	0.100000	-0.260000	0.090000	0.160000	0.320000	0.090000	0.320000	0.070000	0.230000	0.020000	-0.130000	0.180000	0.280000
1512	YDR513W  	1.250000	0.180000	0.310000	-0.170000	-0.630000	-0.450000	-0.430000	-0.390000	-0.200000	-0.200000	-0.050000	0.440000	0.210000	0.150000
1527	YDR528W  	-1.630000	0.180000	0.070000	0.600000	0.860000	0.840000	0.420000	0.140000	-0.180000	0.170000	-0.180000	-0.740000	-0.410000	-0.160000
1535	YDR536W  	-1.770000	-0.340000	1.060000	0.500000	0.040000	-0.090000	-0.360000	0.120000	0.140000	-0.240000	-0.270000	0.380000	0.450000	0.380000
1549	YEL005C  	1.350000	0.410000	0.360000	0.220000	0.170000	0.070000	0.090000	-0.580000	-0.580000	-0.480000	0.100000	-0.540000	-0.540000	-0.030000
1555	YEL011W  	1.410000	0.510000	-0.260000	-0.520000	-1.520000	-1.130000	-0.480000	0.170000	0.170000	-0.290000	-0.210000	0.760000	0.840000	0.540000
1556	YEL012W  	1.020000	0.120000	0.180000	-0.030000	-0.550000	-0.440000	-0.120000	-0.140000	-0.290000	-0.220000	0.270000	-0.030000	0.290000	-0.070000
1570	YEL025C  	-0.270000	-0.140000	0.340000	0.410000	0.160000	0.050000	0.270000	-0.080000	0.280000	0.240000	0.030000	0.070000	-1.170000	-0.190000
1571	YEL026W  	-1.410000	-0.190000	0.450000	-0.040000	0.770000	0.820000	0.570000	0.130000	-0.340000	0.160000	0.570000	-0.430000	-0.900000	-0.180000
1577	YEL032W  	-1.080000	0.230000	-0.230000	0.190000	0.500000	0.370000	0.140000	0.120000	-0.510000	0.180000	-0.020000	-0.030000	0.070000	0.050000
1585	YEL040W  	-1.420000	-0.570000	-0.420000	-0.160000	0.940000	0.770000	0.420000	0.220000	0.010000	0.320000	0.590000	-0.260000	-0.440000	-0.010000
1587	YEL042W  	-1.230000	-0.700000	-0.510000	-0.290000	0.140000	0.350000	0.410000	0.650000	0.440000	0.530000	0.390000	0.060000	-0.280000	0.020000
1591	YEL046C  	-1.500000	-0.110000	-0.020000	0.430000	0.750000	0.520000	0.100000	0.230000	-0.100000	0.090000	-0.070000	-0.190000	-0.280000	0.170000
1599	YEL054C  	-1.160000	0.070000	-0.510000	0.120000	0.400000	0.590000	0.470000	0.440000	0.050000	0.150000	0.120000	-0.250000	-0.240000	-0.230000
1606	YEL060C  	1.260000	0.790000	0.120000	-0.090000	-0.240000	-0.510000	-0.690000	-0.210000	-0.010000	-0.490000	-0.230000	0.000000	0.180000	0.110000
1611	YEL065W  	0.010000	1.630000	-0.060000	-0.540000	-0.620000	-0.490000	-0.490000	-0.360000	-0.170000	0.140000	0.330000	0.420000	-0.250000	0.460000
1626	YER001W  	-1.140000	-0.140000	0.070000	-0.300000	0.450000	0.680000	0.740000	0.340000	0.030000	0.440000	0.530000	-0.430000	-1.050000	-0.190000
1638	YER012W  	1.160000	0.440000	-0.100000	-0.350000	-0.130000	-0.230000	0.000000	-0.020000	-0.100000	-0.430000	0.120000	-0.030000	-0.130000	-0.200000
1639	YER013W  	0.660000	-0.150000	-0.150000	1.530000	0.500000	-0.080000	0.300000	-0.290000	-0.040000	-0.290000	-0.100000	-0.630000	-1.170000	-0.080000
1647	YER020W  	2.000000	0.210000	0.000000	-0.300000	-0.390000	-0.380000	-0.330000	-0.120000	-0.190000	-0.390000	-0.340000	-0.010000	0.090000	0.150000
1648	YER021W  	1.330000	0.260000	-0.290000	0.090000	-0.060000	-0.220000	-0.120000	-0.010000	-0.290000	-0.310000	0.080000	-0.140000	-0.220000	-0.100000
1651	YER024W  	-0.490000	0.040000	-0.230000	-0.640000	-1.110000	-0.450000	-0.140000	0.420000	0.600000	0.250000	0.130000	0.660000	0.600000	0.360000
1662	YER035W  	1.150000	0.380000	0.120000	0.100000	-0.090000	-0.580000	-0.150000	-0.050000	0.000000	-0.420000	-0.120000	-0.090000	-0.050000	-0.200000
1663	YER036C  	-1.080000	-0.160000	-0.030000	0.560000	0.620000	0.280000	0.070000	-0.030000	-0.120000	0.140000	0.080000	-0.280000	-0.190000	0.130000
1664	YER037W  	0.990000	-0.070000	-0.110000	0.580000	0.520000	-0.070000	-0.070000	-0.130000	-0.130000	-0.230000	-0.010000	-0.190000	-1.230000	0.120000
1670	YER043C  	-1.930000	-0.610000	-0.160000	0.330000	0.710000	0.770000	0.260000	0.700000	0.020000	0.350000	0.260000	0.000000	-0.480000	-0.210000
1681	YER053C  	0.490000	0.060000	-0.090000	-0.550000	-1.190000	-0.920000	-0.520000	-0.030000	0.540000	-0.010000	0.490000	1.030000	0.680000	-0.010000
1682	YER054C  	1.810000	0.870000	0.050000	0.350000	-1.130000	-1.050000	0.740000	-0.520000	-0.660000	-1.130000	-0.570000	0.510000	0.370000	0.340000
1684	YER056C  	-1.180000	-0.130000	0.000000	0.370000	0.450000	0.340000	0.000000	-0.010000	0.030000	0.470000	-0.070000	-0.340000	-0.070000	0.130000
1692	YER062C  	-1.180000	-0.340000	0.580000	0.700000	1.180000	0.470000	-0.140000	-0.340000	-0.520000	-0.010000	-0.310000	-0.600000	-0.090000	0.600000
1695	YER065C  	-1.660000	0.650000	-0.160000	-0.050000	-1.360000	-1.090000	-0.090000	0.570000	1.120000	0.470000	-0.200000	0.510000	0.960000	0.340000
1698	YER067W  	2.170000	-0.590000	0.060000	-0.770000	-1.850000	-1.250000	-0.270000	-0.270000	-0.070000	-0.490000	0.560000	0.940000	1.190000	0.620000
1701	YER070W  	-2.010000	-1.650000	0.350000	0.060000	0.410000	0.990000	0.820000	0.740000	0.310000	0.850000	0.200000	-0.430000	-0.850000	0.200000
1703	YER072W  	-0.440000	1.020000	-0.440000	0.140000	0.190000	0.220000	0.060000	0.030000	-0.260000	-0.070000	-0.020000	-0.280000	-0.180000	0.040000
1705	YER074W  	-1.090000	0.450000	0.090000	0.480000	0.260000	0.480000	0.300000	0.290000	-0.050000	-0.020000	0.180000	-0.440000	-0.410000	-0.500000
1710	YER079W  	1.600000	0.230000	0.180000	-0.230000	-0.640000	-0.820000	-0.530000	-0.360000	0.070000	-0.410000	0.130000	0.390000	0.350000	0.050000
1717	YER086W  	-1.790000	-0.520000	-0.490000	-0.290000	0.190000	0.190000	0.000000	0.540000	0.300000	0.630000	0.190000	0.130000	0.350000	0.560000
1721	YER089C  	-1.580000	0.170000	0.070000	0.090000	-0.230000	0.000000	0.370000	0.100000	0.310000	0.330000	-0.150000	0.440000	-0.090000	0.180000
1723	YER091C  	-0.980000	1.490000	0.080000	0.520000	-0.360000	-0.540000	-0.620000	-0.320000	-0.090000	0.330000	-0.050000	0.040000	0.320000	0.180000
1728	YER095W  	-1.510000	-0.650000	0.400000	-0.400000	0.010000	0.520000	0.460000	0.660000	0.190000	0.190000	0.180000	-0.190000	-0.010000	0.160000
1736	YER103W  	1.010000	0.050000	0.220000	0.270000	-0.230000	-0.660000	-0.850000	-0.250000	0.100000	-0.060000	-0.280000	-0.070000	0.400000	0.360000
1743	YER110C  	-1.920000	-0.490000	-0.340000	0.310000	0.470000	0.770000	0.520000	0.230000	0.180000	0.770000	0.130000	0.110000	-0.790000	0.040000
1750	YER117W  	-1.110000	-0.060000	-0.100000	0.170000	0.500000	0.400000	0.330000	0.300000	0.000000	-0.020000	0.320000	-0.310000	-0.440000	0.010000
1751	YER118C  	-1.010000	-0.340000	-0.010000	0.140000	0.410000	0.440000	0.590000	0.170000	-0.230000	0.220000	0.450000	-0.270000	-0.380000	-0.180000
1758	YER124C  	1.100000	0.150000	-0.230000	-0.500000	-0.460000	-1.610000	-1.870000	-1.870000	-0.870000	-0.290000	0.710000	1.490000	2.140000	2.110000
1761	YER127W  	-0.280000	-0.210000	-0.070000	0.770000	1.020000	0.670000	0.190000	-0.240000	-0.260000	-0.080000	0.000000	-0.780000	-0.630000	-0.100000
1772	YER138C  	0.440000	0.260000	-0.340000	0.510000	0.160000	0.470000	0.010000	-0.130000	0.000000	-0.040000	-0.380000	-0.150000	-1.130000	0.320000
1776	YER142C  	1.040000	0.540000	0.150000	-0.270000	-0.060000	-0.270000	-0.150000	-0.060000	-0.330000	-0.370000	0.070000	-0.170000	-0.050000	-0.050000
1784	YER150W  	4.090000	1.670000	0.590000	0.120000	-0.270000	-0.600000	-0.600000	-0.980000	-0.780000	-1.030000	-1.170000	-0.670000	-0.220000	-0.140000
1789	YER155C  	0.700000	-0.320000	0.230000	0.180000	0.400000	0.220000	0.180000	-0.090000	-0.200000	-0.170000	-0.090000	-0.650000	-1.130000	0.730000
1790	YER156C  	-1.030000	-0.480000	-0.400000	-0.070000	0.700000	0.460000	0.510000	0.370000	0.180000	0.080000	0.250000	-0.030000	-0.500000	-0.040000
1837	YFL012W  	0.140000	1.500000	0.010000	0.090000	0.070000	-0.010000	0.010000	-0.390000	-0.430000	-0.240000	0.090000	-0.370000	-0.260000	-0.200000
1840	YFL014W  	1.120000	0.320000	-0.200000	0.640000	-0.100000	-0.900000	-0.880000	-0.540000	-0.210000	-0.440000	-0.430000	-0.030000	1.200000	0.440000
1849	YFL022C  	-1.530000	-0.180000	-0.040000	0.040000	0.090000	0.000000	0.190000	0.560000	0.250000	0.320000	-0.210000	-0.140000	0.280000	0.370000
1853	YFL026W  	-1.250000	-0.080000	0.170000	0.630000	0.500000	0.430000	0.060000	-0.200000	-0.080000	0.040000	0.370000	-0.050000	-0.360000	-0.170000
1860	YFL033C  	0.230000	-0.180000	-0.350000	1.920000	0.110000	1.000000	-0.100000	-0.140000	-0.320000	-0.320000	-0.300000	-0.270000	-1.100000	-0.180000
1866	YFL037W  	-1.430000	-1.100000	-1.060000	-0.690000	-0.140000	0.010000	0.370000	0.760000	1.020000	0.940000	0.260000	0.750000	0.370000	-0.060000
1895	YFL066C  	-1.090000	0.140000	0.180000	-0.040000	0.140000	0.360000	0.230000	0.290000	-0.030000	0.100000	-0.030000	-0.130000	-0.140000	-0.010000
1896	YFL067W  	-1.380000	-0.420000	-0.750000	0.230000	0.270000	0.040000	0.150000	0.390000	0.290000	0.320000	-0.080000	0.140000	0.320000	0.470000
1897	YFL068W  	-1.060000	0.290000	-0.260000	-0.050000	0.180000	0.450000	0.420000	0.200000	-0.090000	-0.030000	-0.110000	-0.080000	-0.050000	0.160000
1900	YFR003C  	1.080000	-0.070000	0.170000	-0.030000	-0.080000	-0.080000	0.060000	-0.160000	-0.290000	-0.320000	0.250000	-0.100000	-0.220000	-0.210000
1901	YFR004W  	1.000000	0.270000	-0.220000	-0.290000	-0.590000	-0.110000	0.020000	-0.010000	-0.150000	-0.180000	0.170000	0.000000	0.060000	0.020000
1912	YFR015C  	2.140000	0.190000	-0.150000	-0.820000	-1.520000	-1.370000	-0.490000	-0.090000	0.330000	-0.290000	-0.020000	1.080000	0.660000	0.350000
1914	YFR017C  	1.800000	0.480000	0.050000	-0.190000	-0.720000	-1.150000	-0.350000	-0.150000	0.200000	-0.640000	-0.370000	0.570000	0.390000	0.090000
1952	YFR053C  	0.340000	-0.190000	-0.570000	-0.730000	-0.890000	-0.750000	-0.510000	0.220000	0.400000	0.080000	0.090000	0.740000	1.090000	0.670000
1956	YFR057W  	0.720000	-0.260000	0.240000	-0.130000	0.040000	0.530000	-0.110000	0.430000	0.040000	-0.540000	0.310000	-1.420000	-0.070000	0.220000
1961	YGL005C  	1.170000	0.250000	-0.100000	-0.060000	0.150000	-0.110000	-0.080000	-0.190000	-0.210000	-0.600000	0.060000	-0.100000	-0.100000	-0.100000
1964	YGL008C  	-1.190000	-0.630000	-0.130000	-0.160000	-0.140000	0.100000	0.080000	0.140000	0.270000	0.620000	0.290000	0.290000	0.190000	0.260000
1968	YGL012W  	-1.100000	-0.300000	0.440000	-0.340000	-0.050000	0.480000	0.490000	0.320000	0.010000	0.050000	0.170000	0.090000	-0.140000	-0.120000
1972	YGL016W  	-1.000000	-0.250000	0.030000	0.290000	0.330000	0.030000	0.050000	0.210000	0.220000	0.110000	-0.020000	-0.080000	0.260000	-0.180000
1977	YGL021W  	-1.050000	-0.830000	-0.390000	-1.300000	-0.790000	-0.390000	0.280000	0.520000	0.880000	0.700000	0.730000	1.010000	0.470000	0.170000
1978	YGL022W  	-1.030000	-0.400000	-0.560000	-0.410000	-0.030000	0.130000	-0.030000	0.630000	0.340000	0.520000	0.100000	0.420000	-0.170000	0.470000
1984	YGL028C  	-0.160000	-0.490000	-0.620000	-1.310000	-1.110000	-1.160000	-1.160000	-0.660000	-0.310000	0.600000	0.830000	1.730000	1.840000	1.980000
1985	YGL029W  	-0.290000	-0.090000	-0.090000	0.500000	1.010000	0.590000	0.380000	0.010000	-0.450000	-0.230000	0.060000	-0.550000	-0.400000	-0.450000
1993	YGL037C  	1.520000	0.340000	0.520000	0.140000	-0.740000	-0.790000	-0.530000	0.010000	0.060000	-0.790000	-0.550000	0.070000	0.450000	0.290000
2007	YGL051W  	1.080000	0.020000	0.120000	-0.300000	-0.050000	-0.320000	-0.070000	-0.120000	-0.070000	-0.350000	0.070000	0.070000	-0.140000	0.040000
2008	YGL052W  	1.150000	-0.040000	-0.040000	-0.180000	-0.240000	-0.040000	-0.100000	-0.220000	-0.200000	-0.130000	0.230000	-0.010000	-0.170000	0.010000
2009	YGL053W  	1.890000	0.050000	0.020000	-0.010000	0.000000	-0.410000	-0.170000	-0.170000	-0.120000	-0.430000	-0.210000	-0.050000	-0.370000	-0.010000
2011	YGL055W  	1.450000	2.030000	-0.410000	-1.170000	-0.490000	-0.440000	0.170000	0.060000	-0.410000	0.060000	0.520000	-0.100000	-0.920000	-0.360000
2015	YGL059W  	1.260000	-0.190000	0.170000	0.320000	0.120000	-0.230000	-0.070000	0.050000	-0.470000	-0.470000	-0.020000	-0.270000	-0.190000	0.000000
2016	YGL060W  	-0.050000	-0.050000	1.290000	-0.280000	0.250000	0.210000	0.250000	-0.080000	-0.370000	-0.190000	0.190000	-0.430000	-0.390000	-0.350000
2033	YGL077C  	-1.360000	-0.080000	0.020000	-0.120000	0.590000	0.100000	0.400000	0.360000	0.150000	0.140000	-0.060000	0.210000	-0.260000	-0.080000
2034	YGL078C  	-1.120000	-0.520000	-0.100000	0.380000	0.760000	0.560000	0.500000	-0.120000	-0.070000	0.560000	0.130000	-0.340000	-0.550000	-0.080000
2052	YGL096W  	1.390000	0.050000	0.220000	-0.400000	-0.620000	-0.470000	-0.360000	-0.020000	0.000000	-0.360000	0.210000	0.290000	0.150000	-0.070000
2076	YGL120C  	-1.050000	-0.550000	0.040000	0.410000	0.980000	0.810000	0.090000	0.070000	-0.230000	0.420000	0.240000	-0.530000	-0.660000	-0.050000
2077	YGL121C  	1.570000	0.610000	0.330000	0.750000	-0.370000	-0.810000	-0.700000	-0.630000	-0.390000	-0.580000	-0.520000	0.040000	0.300000	0.390000
2079	YGL123W  	-1.040000	-0.440000	-0.040000	0.820000	0.480000	0.360000	0.510000	0.420000	0.140000	-0.010000	-0.310000	-0.110000	-0.520000	-0.250000
2082	YGL126W  	0.200000	-0.210000	0.380000	0.300000	0.290000	-0.170000	0.150000	0.120000	0.120000	0.030000	-0.130000	0.000000	-1.060000	0.010000
2104	YGL148W  	-1.440000	-0.380000	-0.260000	0.610000	0.650000	0.670000	0.070000	0.290000	-0.100000	0.250000	0.370000	-0.220000	-0.520000	0.030000
2112	YGL156W  	1.200000	0.790000	0.120000	0.290000	-0.510000	-0.860000	-0.940000	-0.370000	-0.300000	-0.300000	-0.200000	-0.010000	0.610000	0.480000
2120	YGL164C  	1.000000	-0.110000	-0.330000	-0.070000	0.150000	0.050000	-0.190000	-0.190000	-0.020000	-0.130000	0.130000	-0.130000	-0.210000	0.060000
2126	YGL170C  	-0.120000	-0.080000	0.000000	0.290000	1.020000	0.610000	0.130000	-0.140000	-0.310000	-0.100000	0.300000	-0.490000	-0.760000	-0.360000
2127	YGL171W  	-0.510000	0.030000	0.050000	0.430000	0.990000	0.920000	0.530000	-0.100000	-0.360000	-0.240000	0.360000	-0.620000	-1.080000	-0.410000
2147	YGL191W  	1.310000	-0.010000	0.150000	-0.090000	0.010000	-0.150000	0.010000	-0.240000	-0.140000	-0.410000	-0.150000	0.130000	-0.040000	-0.370000
2150	YGL194C  	0.770000	-0.110000	0.050000	0.050000	0.270000	0.100000	-0.110000	-0.480000	-0.230000	-0.330000	1.280000	-0.260000	-0.700000	-0.300000
2171	YGL215W  	1.110000	-0.020000	0.090000	0.290000	0.370000	-0.070000	-0.020000	-0.400000	-0.310000	-0.310000	-0.140000	-0.490000	-0.020000	-0.090000
2178	YGL222C  	1.470000	0.300000	0.200000	-0.240000	-0.220000	0.020000	-0.060000	-0.370000	-0.040000	-0.320000	0.060000	-0.040000	-0.290000	-0.480000
2181	YGL225W  	-1.370000	-1.140000	-0.650000	-0.050000	0.440000	0.660000	0.950000	0.620000	0.210000	0.240000	0.510000	0.030000	-0.410000	-0.050000
2191	YGL234W  	-1.790000	0.000000	0.730000	0.030000	0.030000	0.070000	0.160000	0.100000	-0.040000	0.360000	-0.170000	0.060000	-0.080000	0.540000
2192	YGL235W  	-1.350000	-0.760000	-0.260000	0.320000	0.570000	0.490000	0.220000	0.370000	-0.100000	0.200000	0.520000	-0.150000	-0.370000	0.300000
2207	YGL250W  	1.080000	0.160000	0.120000	-0.440000	0.010000	-0.200000	-0.310000	-0.030000	-0.290000	-0.270000	0.070000	-0.080000	0.040000	0.120000
2228	YGR008C  	1.830000	0.420000	0.230000	-0.470000	-1.020000	-0.880000	-0.660000	-0.210000	0.160000	-0.450000	-0.310000	0.520000	0.620000	0.220000
2234	YGR014W  	-1.480000	-0.370000	-0.460000	0.130000	-0.060000	0.160000	0.320000	0.270000	0.400000	0.800000	-0.070000	0.160000	-0.030000	0.230000
2263	YGR043C  	1.180000	0.610000	0.260000	0.810000	-0.180000	-0.560000	-0.890000	-0.310000	-0.260000	-0.650000	-1.280000	-0.190000	0.980000	0.470000
2264	YGR044C  	1.120000	0.020000	0.410000	-0.040000	-0.640000	-0.640000	-0.890000	-0.610000	-0.400000	-0.570000	-0.040000	0.490000	0.960000	0.840000
2272	YGR052W  	1.510000	0.090000	0.360000	0.570000	-0.010000	-0.490000	-0.680000	-0.350000	-0.250000	-0.640000	-0.640000	-0.070000	0.360000	0.260000
2273	YGR053C  	1.120000	-0.180000	-0.030000	0.390000	-0.200000	-0.030000	-0.420000	-0.250000	-0.160000	-0.470000	0.350000	-0.220000	-0.140000	0.240000
2275	YGR055W  	-1.520000	-0.220000	-0.180000	0.330000	0.130000	0.310000	-0.480000	0.300000	0.240000	0.480000	-0.080000	0.180000	0.410000	0.100000
2281	YGR061C  	-1.040000	0.180000	0.120000	-0.080000	-0.080000	0.030000	-0.080000	0.260000	0.060000	0.400000	0.120000	-0.020000	-0.060000	0.210000
2282	YGR062C  	0.670000	-0.400000	0.960000	0.300000	0.480000	-0.010000	0.910000	-0.220000	-0.430000	-0.170000	-0.330000	-0.310000	-1.240000	-0.220000
2285	YGR065C  	-1.820000	-0.300000	0.640000	0.260000	0.090000	0.040000	-0.080000	0.200000	-0.160000	0.140000	0.060000	-0.020000	0.130000	0.810000
2287	YGR067C  	-1.560000	0.340000	-0.090000	-0.140000	-0.630000	-0.050000	0.050000	0.520000	0.200000	0.200000	0.460000	0.410000	0.080000	0.220000
2302	YGR082W  	-0.900000	-0.230000	-0.070000	0.060000	0.310000	0.440000	0.530000	0.430000	0.110000	0.070000	0.120000	0.070000	-1.080000	0.130000
2308	YGR088W  	1.770000	-0.300000	1.110000	1.090000	-0.430000	-0.760000	-0.630000	-0.490000	-0.190000	-0.940000	-1.630000	-0.070000	0.940000	0.530000
2312	YGR092W  	-1.370000	-0.700000	-0.520000	-0.270000	-0.400000	-0.130000	0.020000	0.170000	0.310000	0.470000	0.610000	0.860000	0.420000	0.510000
2328	YGR108W  	-1.780000	-1.630000	-1.700000	-1.700000	-0.700000	-0.030000	0.560000	0.920000	1.020000	1.080000	1.450000	1.000000	0.990000	0.530000
2330	YGR110W  	1.020000	0.270000	0.180000	0.090000	-0.230000	-0.270000	-0.060000	-0.080000	-0.210000	-0.330000	-0.120000	-0.190000	-0.210000	0.160000
2331	YGR111W  	1.100000	0.040000	0.120000	-0.110000	-0.500000	-0.310000	-0.090000	-0.090000	-0.190000	-0.240000	0.100000	0.120000	-0.020000	0.070000
2360	YGR140W  	0.110000	-0.450000	-0.140000	0.520000	0.390000	1.080000	0.590000	0.190000	0.280000	-1.450000	0.030000	-0.400000	-0.430000	-0.320000
2362	YGR142W  	2.510000	0.120000	0.080000	-0.320000	-0.070000	-0.420000	-0.200000	-0.220000	-0.090000	-0.290000	-0.420000	-0.250000	-0.090000	-0.340000
2366	YGR146C  	1.270000	0.740000	0.680000	0.640000	0.360000	-0.330000	-0.280000	-0.550000	-0.400000	-0.670000	-0.240000	-0.530000	-0.400000	-0.300000
2370	YGR150C  	1.250000	-0.470000	0.090000	0.390000	0.370000	0.090000	1.090000	-0.390000	-0.160000	-0.390000	-0.200000	-0.490000	-0.860000	-0.330000
2379	YGR159C  	-1.820000	-0.270000	0.370000	0.640000	1.180000	1.090000	0.640000	0.130000	-0.340000	0.430000	0.190000	-1.010000	-0.900000	-0.310000
2381	YGR161C  	1.770000	0.120000	0.220000	0.220000	-0.080000	-0.380000	-0.120000	-0.080000	-0.230000	-0.080000	-0.720000	-0.310000	-0.330000	0.010000
2382	YGR162W  	-1.100000	-0.090000	0.210000	0.330000	0.120000	0.250000	0.250000	-0.060000	0.010000	0.230000	0.070000	-0.080000	-0.150000	0.020000
2393	YGR173W  	-1.050000	-0.030000	-0.060000	0.030000	0.490000	0.410000	0.100000	0.360000	-0.030000	0.210000	0.150000	-0.240000	-0.260000	-0.060000
2409	YGR189C  	-2.420000	-1.680000	-1.740000	-0.800000	0.440000	0.430000	0.250000	0.700000	0.420000	1.020000	0.480000	0.870000	1.070000	0.960000
2434	YGR214W  	-1.410000	-0.320000	-0.180000	0.310000	0.220000	0.140000	0.120000	0.400000	0.460000	0.370000	-0.090000	0.200000	-0.080000	-0.150000
2448	YGR228W  	-1.090000	-0.770000	-0.270000	0.120000	0.220000	0.430000	0.360000	0.110000	0.180000	0.370000	0.490000	0.130000	-0.140000	-0.130000
2449	YGR229C  	-1.370000	-0.410000	0.380000	-0.300000	-0.040000	0.280000	0.060000	0.350000	-0.150000	0.410000	0.610000	0.070000	0.150000	-0.030000
2456	YGR236C  	2.760000	-0.050000	0.310000	-0.400000	-0.290000	-0.540000	-0.750000	-0.430000	-0.230000	-1.000000	-0.140000	-0.200000	0.550000	0.420000
2457	YGR237C  	1.140000	-0.040000	-0.010000	-0.280000	-0.410000	-0.360000	-0.470000	0.070000	-0.200000	-0.200000	0.040000	0.090000	0.470000	0.160000
2462	YGR242W  	0.000000	0.050000	0.030000	-0.130000	-0.040000	-1.000000	0.020000	0.190000	0.120000	0.090000	0.160000	0.370000	0.130000	0.000000
2468	YGR248W  	2.240000	0.740000	0.590000	0.070000	-1.250000	-1.400000	-1.030000	-0.400000	0.180000	-1.070000	-0.760000	0.710000	1.070000	0.300000
2479	YGR259C  	-1.000000	0.340000	0.240000	-0.200000	-0.250000	-0.090000	-0.160000	0.410000	0.190000	0.110000	0.080000	0.210000	-0.020000	0.130000
2484	YGR264C  	-1.200000	-0.280000	-0.120000	0.270000	0.810000	0.430000	0.300000	0.070000	0.000000	0.200000	0.240000	-0.020000	-0.550000	-0.160000
2488	YGR268C  	1.270000	0.230000	0.000000	-0.250000	-0.230000	-0.400000	-0.280000	-0.160000	-0.080000	-0.250000	-0.230000	0.160000	0.150000	0.060000
2517	YHL001W  	-1.540000	-0.180000	-0.760000	0.370000	0.100000	0.350000	0.190000	0.690000	0.330000	0.380000	-0.030000	0.090000	0.090000	-0.100000
2523	YHL007C  	-1.060000	-0.020000	-0.180000	0.660000	0.120000	0.170000	0.030000	0.170000	-0.100000	0.220000	-0.070000	-0.010000	-0.010000	0.080000
2524	YHL008C  	1.430000	-0.120000	0.130000	0.130000	0.040000	0.010000	0.160000	-0.060000	-0.310000	-0.370000	-0.210000	-0.600000	-0.210000	-0.030000
2528	YHL012W  	0.120000	-0.140000	0.810000	0.510000	0.510000	0.540000	0.430000	-0.060000	-0.510000	-0.360000	0.040000	-0.650000	-1.100000	-0.140000
2537	YHL021C  	1.720000	0.170000	-0.050000	0.060000	-1.000000	-0.860000	-0.630000	-0.290000	-0.030000	-0.750000	-0.100000	0.670000	0.560000	0.540000
2540	YHL024W  	-1.300000	0.840000	-0.530000	-0.510000	-0.630000	-0.680000	0.190000	0.510000	0.700000	0.250000	0.230000	0.630000	0.200000	0.090000
2556	YHL040C  	-0.210000	1.230000	0.370000	0.160000	0.310000	0.190000	-0.010000	-0.260000	-0.230000	0.160000	-0.130000	-0.110000	-0.980000	-0.490000
2559	YHL043W  	0.540000	-0.160000	-0.040000	0.190000	-0.040000	1.360000	0.170000	-0.320000	-0.270000	-0.560000	0.120000	-0.180000	-0.400000	-0.400000
2563	YHL047C  	1.270000	1.670000	0.450000	-0.670000	-0.700000	-0.730000	-0.570000	-0.450000	0.040000	-0.070000	-0.120000	0.230000	-0.090000	-0.260000
2565	YHL049C  	-1.270000	-0.350000	-0.190000	-0.090000	0.080000	0.330000	0.190000	0.480000	0.160000	0.510000	-0.270000	-0.050000	0.070000	0.410000
2566	YHL050C  	-1.280000	-0.210000	-0.130000	0.220000	-0.080000	0.230000	0.350000	0.080000	0.010000	0.370000	-0.180000	0.150000	0.160000	0.300000
2571	YHR004C  	1.070000	0.210000	0.320000	0.470000	-0.070000	-0.030000	-0.140000	-0.250000	-0.520000	-0.520000	-0.010000	-0.040000	-0.370000	-0.120000
2575	YHR007C  	-1.220000	0.750000	0.160000	0.330000	0.230000	0.180000	-0.330000	-0.240000	0.020000	0.270000	-0.160000	0.060000	0.060000	-0.100000
2584	YHR016C  	0.690000	0.030000	-0.090000	-0.320000	-0.740000	-1.080000	-0.620000	-0.050000	0.460000	0.070000	-0.180000	0.700000	0.760000	0.360000
2587	YHR019C  	-1.020000	-0.830000	-0.260000	-0.080000	0.250000	0.260000	0.030000	0.630000	0.420000	0.410000	-0.120000	0.190000	0.090000	0.040000
2588	YHR020W  	-1.510000	-0.360000	-0.270000	-0.040000	0.460000	0.290000	0.360000	0.520000	0.510000	0.580000	-0.130000	0.030000	-0.260000	-0.180000
2589	YHR021C  	-1.070000	-0.220000	-0.070000	-0.020000	0.550000	0.250000	0.160000	0.410000	0.190000	0.210000	-0.070000	-0.160000	-0.150000	0.000000
2591	YHR022C  	1.450000	0.090000	-0.200000	-0.310000	0.060000	-0.070000	0.020000	0.060000	0.000000	-0.250000	0.210000	-0.230000	-0.590000	-0.250000
2592	YHR023W  	-1.100000	-0.520000	-0.320000	-0.500000	-0.320000	-0.380000	-0.130000	0.290000	0.600000	0.610000	0.540000	0.700000	-0.020000	0.560000
2594	YHR025W  	-1.620000	0.030000	0.070000	-0.030000	0.140000	0.310000	0.250000	0.390000	0.070000	0.430000	-0.070000	-0.150000	-0.120000	0.290000
2602	YHR033W  	-0.990000	1.370000	-0.350000	0.620000	0.190000	0.200000	-0.150000	0.420000	-0.240000	-0.220000	-0.390000	-0.320000	-0.240000	0.070000
2608	YHR039C  	-1.040000	-0.080000	0.170000	0.400000	0.010000	-0.100000	-0.200000	0.210000	-0.050000	0.050000	-0.050000	0.080000	0.090000	0.500000
2613	YHR043C  	0.100000	1.660000	-0.210000	-0.610000	-0.250000	-0.330000	-0.010000	0.040000	-0.130000	-0.420000	0.240000	0.170000	-0.080000	-0.150000
2623	YHR052W  	-1.160000	0.450000	-0.060000	0.640000	0.890000	0.630000	0.070000	0.080000	-0.210000	0.190000	-0.020000	-0.740000	-0.570000	-0.190000
2624	YHR053C  	4.380000	2.200000	-0.020000	-0.260000	-0.790000	-0.790000	-0.910000	-0.730000	-0.730000	-0.760000	-0.710000	-0.460000	-0.090000	-0.320000
2626	YHR055C  	4.300000	2.280000	-0.100000	-0.300000	-0.830000	-0.890000	-0.710000	-0.710000	-0.770000	-0.860000	-0.660000	-0.460000	0.020000	-0.300000
2635	YHR064C  	-1.170000	-0.600000	-0.120000	0.010000	0.240000	0.580000	0.240000	0.350000	0.010000	0.350000	0.060000	0.120000	-0.140000	0.060000
2638	YHR067W  	0.060000	0.370000	-1.590000	0.080000	0.150000	-0.740000	0.060000	0.060000	0.240000	0.020000	0.440000	0.230000	0.280000	0.340000
2643	YHR072W  	-1.230000	0.180000	0.410000	0.120000	0.210000	0.360000	0.050000	-0.020000	0.050000	0.040000	-0.030000	-0.340000	-0.070000	0.270000
2649	YHR078W  	0.170000	0.230000	0.270000	0.510000	0.260000	0.170000	0.230000	-0.100000	-0.080000	-1.790000	0.180000	-0.030000	-0.160000	0.140000
2659	YHR087W  	2.380000	0.410000	0.580000	-0.080000	-0.590000	-0.910000	-0.700000	-0.260000	-0.030000	-1.080000	-0.780000	0.050000	0.650000	0.350000
2661	YHR089C  	-1.210000	-0.470000	-0.380000	0.160000	0.350000	0.450000	0.210000	0.450000	0.130000	0.350000	0.040000	-0.080000	-0.100000	0.100000
2662	YHR090C  	1.000000	0.000000	0.070000	-0.180000	0.230000	0.050000	0.120000	-0.140000	-0.040000	-0.220000	0.070000	-0.160000	-0.240000	-0.550000
2668	YHR096C  	1.870000	0.910000	0.810000	0.450000	-0.460000	-1.070000	-0.790000	-0.600000	-0.070000	-0.480000	-0.900000	-0.090000	0.370000	0.030000
2669	YHR097C  	1.970000	0.090000	0.000000	-0.280000	-0.840000	-0.680000	-0.530000	0.000000	-0.020000	-0.300000	-0.320000	0.290000	0.330000	0.290000
2695	YHR123W  	-1.070000	0.090000	0.210000	-0.480000	-0.020000	-0.020000	0.060000	0.320000	0.080000	0.240000	0.310000	0.090000	-0.020000	0.200000
2700	YHR128W  	-0.740000	-1.050000	-0.360000	0.270000	0.790000	0.670000	0.610000	0.260000	-0.550000	0.260000	0.320000	-0.500000	-0.170000	0.170000
2711	YHR139C  	1.330000	0.390000	0.140000	0.020000	-0.240000	-0.240000	-0.360000	-0.120000	0.170000	-0.320000	-0.110000	-0.320000	-0.090000	-0.260000
2716	YHR143W  	0.700000	0.540000	-0.460000	-0.860000	-0.530000	-1.180000	-1.130000	-1.230000	-0.630000	-0.210000	0.600000	0.850000	1.640000	1.910000
2723	YHR149C  	-1.650000	-0.900000	-0.780000	0.350000	0.870000	0.800000	0.800000	0.500000	0.020000	0.410000	0.020000	-0.250000	-0.330000	0.140000
2744	YHR170W  	-1.160000	-0.260000	0.360000	0.130000	0.800000	0.750000	0.230000	0.220000	0.060000	0.460000	0.020000	-0.720000	-0.740000	-0.160000
2757	YHR183W  	-0.830000	1.560000	-0.250000	-0.110000	0.130000	0.250000	0.070000	0.170000	0.440000	-1.860000	0.130000	0.420000	0.020000	-0.140000
2769	YHR195W  	1.210000	0.030000	0.270000	0.180000	-0.260000	-0.310000	-0.170000	-0.090000	-0.290000	-0.330000	-0.230000	-0.050000	0.110000	-0.070000
2770	YHR196W  	-1.170000	0.250000	0.130000	0.480000	0.460000	0.430000	0.090000	0.210000	-0.290000	0.260000	0.130000	-0.510000	-0.350000	-0.150000
2777	YHR203C  	-1.090000	-0.280000	0.150000	-0.250000	0.370000	0.060000	0.070000	0.690000	0.350000	0.310000	-0.070000	-0.040000	-0.130000	-0.150000
2782	YHR208W  	-1.180000	-0.340000	-0.130000	-0.260000	0.350000	0.250000	-0.080000	0.330000	0.140000	0.460000	0.120000	-0.080000	0.090000	0.330000
2791	YHR215W  	-1.100000	0.800000	0.450000	0.280000	-0.190000	0.120000	-0.080000	-0.110000	-0.200000	0.190000	0.120000	0.070000	-0.130000	-0.220000
2792	YHR216W  	-1.760000	-0.070000	0.010000	-0.010000	0.520000	0.630000	0.350000	0.400000	-0.070000	0.300000	0.300000	-0.130000	-0.500000	0.030000
2794	YHR218W  	-1.430000	0.250000	-0.280000	-0.230000	0.060000	0.350000	0.120000	0.360000	0.100000	0.310000	-0.030000	0.120000	-0.040000	0.330000
2811	YIL015W  	-1.040000	-0.800000	-0.160000	-0.290000	0.080000	-0.010000	-0.160000	-0.290000	-0.240000	0.180000	0.680000	0.870000	0.670000	0.540000
2814	YIL018W  	-1.050000	-0.360000	0.230000	0.540000	0.500000	0.390000	0.300000	0.470000	0.170000	-0.100000	-0.040000	-0.220000	-0.300000	-0.520000
2830	YIL034C  	1.200000	0.140000	-0.030000	-0.390000	-0.430000	-0.530000	-0.220000	0.000000	0.120000	-0.330000	0.030000	0.200000	0.140000	0.090000
2841	YIL045W  	2.220000	0.560000	-0.080000	-0.450000	-0.590000	-0.240000	-0.110000	-0.170000	-0.200000	-0.320000	-0.200000	-0.110000	-0.080000	-0.220000
2849	YIL053W  	-1.190000	-0.160000	0.440000	0.600000	1.180000	0.600000	-0.280000	-0.330000	-0.620000	-0.080000	-0.410000	-0.660000	0.080000	0.840000
2851	YIL055C  	0.660000	0.380000	0.000000	0.140000	-0.340000	-0.340000	-1.040000	0.170000	0.200000	-0.210000	-0.370000	0.150000	0.380000	0.230000
2852	YIL056W  	1.350000	-0.390000	-0.290000	-0.340000	-0.220000	-0.270000	-0.070000	0.120000	0.260000	0.050000	-0.050000	0.240000	-0.010000	-0.370000
2853	YIL057C  	0.470000	0.700000	0.000000	-0.620000	-1.200000	-0.940000	-0.640000	-0.190000	0.160000	-0.320000	0.010000	0.870000	1.040000	0.640000
2858	YIL062C  	1.190000	-0.020000	-0.240000	-0.320000	-0.460000	-0.240000	-0.020000	0.090000	0.190000	-0.300000	-0.100000	0.150000	0.150000	-0.070000
2862	YIL066C  	-1.190000	-0.720000	-0.460000	0.100000	0.410000	0.760000	0.630000	0.420000	0.210000	0.560000	0.160000	-0.270000	-0.460000	-0.130000
2873	YIL077C  	1.450000	-0.530000	-0.020000	-0.510000	-0.400000	-0.490000	-0.600000	0.030000	0.190000	-0.050000	-0.320000	0.420000	0.330000	0.480000
2882	YIL086C  	0.580000	-0.070000	-0.470000	-0.020000	-0.050000	-0.420000	0.020000	-0.230000	-0.070000	-0.170000	1.590000	-0.170000	-0.390000	-0.130000
2887	YIL091C  	-1.150000	-0.110000	-0.370000	0.670000	0.710000	1.400000	0.160000	-0.030000	-0.060000	0.280000	-0.260000	-0.650000	-0.370000	-0.220000
2893	YIL097W  	1.440000	-0.180000	0.180000	0.240000	0.050000	-0.130000	-0.320000	-0.290000	-0.290000	-0.500000	-0.030000	0.070000	-0.320000	0.090000
2900	YIL104C  	0.870000	0.040000	-0.440000	-0.540000	-0.390000	-0.540000	-0.890000	-0.490000	-0.190000	0.070000	-0.070000	0.510000	1.030000	1.030000
2919	YIL123W  	-1.760000	-1.710000	-1.480000	-0.590000	-0.380000	0.430000	0.760000	0.850000	0.900000	0.960000	0.610000	0.730000	0.320000	0.360000
2920	YIL124W  	1.120000	0.310000	-0.140000	-0.190000	-0.770000	-0.660000	-0.640000	-0.020000	0.100000	-0.100000	-0.200000	0.160000	0.650000	0.400000
2925	YIL129C  	-1.330000	-0.790000	-0.570000	-0.370000	-0.090000	0.630000	0.420000	0.830000	0.640000	0.620000	-0.020000	0.370000	0.050000	-0.400000
2936	YIL140W  	-1.380000	-1.180000	1.050000	-0.430000	0.080000	0.520000	0.560000	0.710000	0.010000	0.570000	0.080000	-0.200000	-0.400000	0.010000
2937	YIL141W  	-0.830000	-1.250000	-0.560000	-0.360000	0.350000	0.690000	0.820000	0.520000	0.250000	0.420000	0.650000	-0.100000	-0.800000	0.190000
2950	YIL154C  	1.140000	0.300000	-0.130000	-0.320000	-0.280000	-0.390000	-0.340000	-0.050000	0.140000	-0.040000	-0.200000	-0.040000	0.220000	-0.020000
2984	YIR011C  	1.080000	-0.130000	0.130000	-0.240000	0.270000	0.030000	-0.180000	0.020000	-0.260000	-0.320000	0.120000	-0.340000	-0.260000	0.060000
2985	YIR012W  	-1.040000	-0.040000	-0.030000	0.320000	0.620000	0.600000	0.300000	0.160000	0.020000	0.180000	-0.210000	-0.390000	-0.390000	-0.090000
2992	YIR019C  	0.540000	-0.170000	0.250000	0.820000	0.350000	0.080000	0.420000	-0.260000	-0.280000	-0.260000	-0.210000	-0.580000	-1.150000	0.450000
3032	YJL015C  	0.310000	0.310000	1.240000	-0.080000	0.040000	-0.030000	-0.130000	-0.290000	-0.330000	-0.330000	0.020000	-0.290000	-0.370000	-0.080000
3034	YJL017W  	0.560000	0.230000	0.230000	1.090000	-0.060000	0.010000	-0.030000	-0.210000	-0.410000	-0.310000	0.000000	-0.390000	-0.490000	-0.240000
3053	YJL036W  	1.660000	0.210000	-0.070000	-0.070000	-0.150000	-0.390000	-0.100000	-0.120000	-0.210000	-0.590000	0.030000	-0.020000	-0.150000	-0.030000
3064	YJL048C  	1.400000	0.420000	-0.350000	-0.060000	-0.070000	-0.230000	-0.300000	-0.180000	-0.320000	-0.390000	-0.070000	0.150000	-0.120000	0.140000
3069	YJL053W  	1.060000	0.260000	0.160000	-0.220000	-0.020000	-0.330000	-0.220000	-0.180000	-0.040000	-0.460000	-0.090000	-0.010000	0.190000	-0.090000
3073	YJL057C  	1.610000	0.130000	0.370000	0.050000	-0.140000	-0.550000	-0.430000	-0.270000	-0.120000	-0.400000	-0.350000	0.130000	0.010000	-0.050000
3082	YJL066C  	1.330000	-0.020000	-0.210000	0.440000	-0.380000	-0.460000	-0.620000	-0.240000	-0.110000	-0.490000	-0.220000	0.210000	0.390000	0.380000
3083	YJL067W  	1.020000	-0.270000	-0.080000	0.260000	-0.120000	-0.520000	-0.360000	-0.050000	-0.040000	-0.300000	-0.220000	0.260000	0.290000	0.130000
3089	YJL073W  	-1.250000	-0.550000	0.070000	-0.140000	0.480000	0.300000	0.520000	0.400000	0.110000	0.260000	0.260000	-0.080000	-0.480000	0.110000
3090	YJL074C  	-1.040000	-0.720000	-0.280000	-0.170000	0.450000	0.730000	0.600000	0.360000	0.180000	0.220000	0.280000	-0.170000	-0.600000	0.150000
3096	YJL080C  	-1.410000	-0.670000	-0.350000	-0.350000	-0.150000	0.190000	0.310000	0.350000	0.800000	0.830000	0.230000	0.380000	-0.230000	0.070000
3105	YJL089W  	-0.730000	0.450000	0.030000	0.010000	-1.120000	-0.660000	-0.400000	0.090000	0.680000	0.230000	0.070000	0.540000	0.690000	0.130000
3110	YJL094C  	1.240000	0.320000	0.260000	-0.280000	-0.440000	-0.360000	-0.160000	-0.060000	-0.250000	-0.020000	-0.020000	-0.110000	-0.300000	0.160000
3114	YJL098W  	1.490000	-0.360000	-0.400000	0.190000	0.140000	0.180000	0.090000	0.240000	0.110000	-0.070000	-0.640000	-0.240000	-0.400000	-0.330000
3129	YJL113W  	0.370000	-0.290000	0.280000	1.040000	0.450000	0.450000	0.120000	-0.470000	-0.500000	-0.340000	-0.150000	-0.640000	-0.550000	0.240000
3132	YJL116C  	-1.220000	0.180000	0.050000	0.980000	1.130000	0.720000	0.370000	0.060000	-0.410000	-0.250000	-0.600000	-0.810000	-0.600000	0.380000
3138	YJL122W  	-1.080000	-0.580000	-0.230000	0.130000	0.870000	0.790000	0.260000	0.280000	0.100000	0.470000	-0.060000	-0.480000	-0.440000	-0.030000
3147	YJL131C  	1.070000	-0.200000	-0.160000	0.100000	-0.120000	-0.220000	-0.010000	-0.070000	-0.180000	-0.390000	0.230000	0.090000	0.140000	-0.260000
3157	YJL141C  	1.540000	0.010000	0.170000	0.010000	-0.450000	-0.290000	-0.270000	-0.130000	-0.120000	-0.410000	-0.180000	0.160000	-0.030000	0.010000
3158	YJL142C  	1.560000	0.760000	-0.800000	-0.270000	-0.320000	-0.420000	-0.320000	-0.150000	-0.250000	-0.290000	0.020000	0.200000	0.030000	0.260000
3167	YJL151C  	1.160000	0.380000	0.040000	-0.050000	-0.340000	-0.440000	-0.230000	-0.020000	-0.220000	-0.500000	0.120000	0.120000	0.020000	-0.040000
3168	YJL152W  	1.020000	-0.210000	0.510000	-0.460000	-0.360000	-0.260000	-0.240000	-0.050000	-0.050000	-0.240000	0.050000	0.020000	0.050000	0.200000
3169	YJL153C  	-0.770000	1.380000	-0.110000	0.050000	-0.380000	-0.700000	-0.220000	0.330000	0.210000	-0.190000	0.140000	0.270000	0.280000	-0.280000
3171	YJL155C  	1.820000	0.200000	-0.010000	-0.100000	-0.390000	-0.640000	-0.280000	-0.010000	0.010000	-0.700000	-0.140000	0.260000	-0.140000	0.120000
3173	YJL157C  	-1.770000	0.050000	0.000000	0.100000	-0.020000	-0.270000	-0.310000	-0.100000	0.260000	0.030000	0.290000	0.750000	0.650000	0.320000
3174	YJL158C  	-1.690000	-2.250000	-1.640000	-1.430000	-0.130000	0.790000	0.450000	1.130000	0.870000	1.200000	0.600000	1.000000	0.470000	0.650000
3175	YJL159W  	0.710000	0.450000	-0.100000	-0.240000	-0.590000	-0.330000	-0.690000	-0.610000	-0.380000	-0.320000	-0.550000	1.020000	1.050000	0.590000
3177	YJL161W  	1.390000	0.340000	0.450000	0.300000	-0.460000	-0.530000	-0.600000	-0.510000	-0.150000	-0.670000	-0.200000	0.250000	0.250000	0.140000
3179	YJL163C  	1.150000	0.370000	0.460000	0.160000	-0.580000	-0.530000	-0.270000	-0.230000	0.000000	-0.380000	-0.140000	0.050000	-0.160000	0.120000
3181	YJL165C  	1.750000	-0.100000	0.090000	-0.110000	-0.370000	-0.070000	-0.050000	-0.050000	-0.250000	-0.320000	-0.190000	-0.070000	-0.110000	-0.160000
3182	YJL166W  	1.160000	0.170000	0.370000	-0.300000	-0.090000	-0.100000	-0.280000	-0.090000	-0.330000	-0.300000	0.030000	0.070000	-0.210000	-0.100000
3199	YJL183W  	-1.170000	-0.370000	-0.070000	-0.200000	0.200000	0.350000	0.380000	0.340000	0.140000	0.140000	0.380000	0.260000	-0.180000	-0.200000
3202	YJL186W  	-1.300000	-0.040000	-0.200000	-0.010000	0.040000	-0.070000	0.120000	0.590000	0.220000	0.350000	0.230000	0.110000	-0.200000	0.170000
3206	YJL190C  	-1.590000	-0.110000	0.360000	-0.010000	0.720000	0.620000	0.300000	0.270000	-0.030000	0.210000	0.360000	-0.190000	-0.670000	-0.230000
3208	YJL192C  	-1.000000	0.030000	0.090000	-0.060000	0.030000	-0.210000	-0.210000	0.290000	0.150000	0.190000	0.110000	0.130000	0.080000	0.370000
3211	YJL195C  	-1.010000	-0.410000	-0.300000	0.330000	0.450000	0.320000	0.280000	-0.180000	0.040000	0.020000	0.120000	-0.160000	0.150000	0.350000
3212	YJL196C  	-1.460000	-0.500000	-0.580000	-0.710000	-0.220000	-0.300000	-0.040000	0.540000	0.540000	0.190000	0.190000	0.690000	0.770000	0.890000
3216	YJL200C  	-1.660000	-0.270000	-0.160000	0.330000	0.950000	0.910000	0.300000	0.490000	0.220000	0.340000	0.200000	-0.390000	-0.840000	-0.430000
3223	YJL207C  	0.890000	-0.070000	-0.180000	0.000000	0.540000	0.830000	0.230000	0.140000	0.060000	-0.360000	0.270000	-0.670000	-1.230000	-0.420000
3248	YJR008W  	1.530000	0.430000	0.730000	-0.170000	-0.680000	-0.680000	-0.730000	-0.430000	-0.290000	-0.450000	-0.210000	0.430000	0.320000	0.200000
3257	YJR016C  	-1.440000	-0.400000	0.000000	0.450000	0.590000	0.650000	0.390000	0.510000	0.080000	-0.180000	-0.070000	-0.180000	-0.350000	-0.050000
3289	YJR048W  	-1.060000	-0.400000	-0.090000	0.090000	0.110000	0.120000	0.090000	0.430000	0.190000	0.140000	0.130000	0.290000	0.060000	-0.100000
3291	YJR050W  	1.230000	0.100000	-0.030000	0.330000	-0.220000	-0.320000	-0.260000	-0.220000	0.060000	-0.120000	0.080000	-0.140000	-0.110000	-0.380000
3304	YJR063W  	-0.990000	0.250000	1.290000	0.340000	0.360000	0.280000	-0.080000	0.220000	-0.080000	0.010000	0.070000	-0.830000	-0.610000	-0.230000
3307	YJR066W  	1.420000	0.060000	0.430000	0.090000	-0.230000	-0.620000	-0.850000	-0.280000	0.130000	-0.430000	-1.170000	0.220000	0.640000	0.600000
3311	YJR070C  	-1.680000	-0.270000	-0.480000	0.280000	0.950000	0.580000	0.360000	0.190000	0.210000	0.430000	-0.060000	-0.060000	-0.390000	-0.050000
3324	YJR084W  	0.760000	-1.590000	0.870000	-0.090000	0.170000	-0.040000	-0.230000	0.060000	-0.160000	0.040000	0.170000	0.040000	-0.110000	0.120000
3336	YJR095W  	-1.050000	0.220000	-0.350000	-0.590000	-0.840000	-0.610000	0.170000	0.450000	0.940000	0.220000	0.390000	0.710000	0.640000	-0.300000
3337	YJR096W  	1.260000	0.080000	-0.160000	0.180000	-0.660000	-0.580000	-0.520000	0.080000	0.190000	-0.330000	-0.660000	0.240000	0.760000	0.130000
3346	YJR105W  	-1.670000	0.040000	0.290000	0.320000	0.130000	0.440000	0.250000	0.180000	0.120000	-0.070000	0.030000	0.250000	-0.160000	-0.160000
3350	YJR109C  	-1.970000	-0.740000	0.040000	0.280000	-0.020000	0.150000	-0.050000	-0.100000	-0.020000	0.090000	-0.040000	0.660000	0.750000	0.970000
3373	YJR132W  	-1.050000	0.030000	0.370000	0.070000	0.320000	0.080000	0.150000	0.250000	-0.100000	0.070000	-0.110000	-0.180000	0.000000	0.100000
3384	YJR143C  	-1.350000	-0.530000	-0.500000	-0.130000	0.030000	0.460000	0.780000	0.520000	0.250000	0.090000	0.250000	0.180000	-0.040000	-0.010000
3393	YJR152W  	-0.170000	-0.170000	0.280000	0.100000	0.020000	-0.190000	-0.040000	0.350000	0.090000	0.090000	0.200000	0.230000	-1.110000	0.320000
3407	YKL004W  	-1.050000	-0.330000	-0.380000	-0.050000	0.170000	0.310000	0.220000	0.060000	0.250000	0.430000	0.230000	0.230000	-0.310000	0.220000
3410	YKL006W  	-1.200000	-0.230000	-0.020000	0.250000	0.570000	0.450000	0.390000	0.620000	0.060000	-0.100000	-0.260000	0.000000	-0.340000	-0.190000
3413	YKL009W  	-0.930000	-0.130000	-0.300000	0.530000	1.010000	0.500000	0.300000	-0.130000	-0.030000	0.490000	0.120000	-0.580000	-0.670000	-0.190000
3417	YKL013C  	1.050000	0.010000	-0.530000	-0.310000	-0.180000	-0.210000	-0.420000	0.050000	-0.050000	-0.090000	0.060000	0.340000	0.120000	0.170000
3418	YKL014C  	-1.030000	-0.220000	-0.390000	0.260000	0.430000	0.540000	0.480000	0.190000	-0.180000	0.350000	0.110000	-0.150000	-0.480000	0.080000
3419	YKL015W  	-0.470000	2.230000	-0.600000	0.000000	-0.380000	-0.420000	-0.060000	0.090000	-0.060000	0.190000	-0.320000	0.180000	-0.400000	0.030000
3430	YKL026C  	2.760000	0.520000	0.420000	0.130000	-0.380000	-1.020000	-0.620000	-0.460000	-0.180000	-0.980000	-0.160000	-0.090000	0.060000	0.000000
3433	YKL029C  	-1.500000	-0.520000	-0.680000	0.580000	0.550000	0.080000	0.150000	-0.240000	0.160000	0.910000	-0.080000	0.010000	0.030000	0.550000
3434	YKL030W  	-1.040000	-0.290000	-0.020000	0.410000	0.650000	0.290000	0.180000	-0.170000	-0.070000	0.200000	0.000000	-0.310000	0.030000	0.130000
3469	YKL065C  	1.240000	0.410000	-0.050000	0.210000	-0.530000	-0.280000	-0.220000	-0.190000	-0.340000	-0.290000	0.140000	-0.220000	0.070000	0.040000
3482	YKL078W  	-1.040000	-0.100000	-0.200000	0.540000	0.990000	0.590000	0.250000	-0.180000	0.040000	0.480000	-0.180000	-0.410000	-0.410000	-0.360000
3485	YKL081W  	-1.350000	-0.660000	-0.280000	0.510000	0.500000	0.740000	0.550000	0.370000	0.110000	0.170000	0.110000	-0.150000	-0.450000	-0.180000
3495	YKL091C  	1.150000	0.290000	0.290000	-0.160000	-0.610000	-0.520000	-0.590000	-0.180000	0.000000	-0.370000	-0.070000	0.340000	0.160000	0.270000
3497	YKL093W  	1.100000	0.370000	-0.280000	-0.260000	-0.510000	-0.410000	-0.360000	-0.100000	-0.150000	-0.260000	0.910000	0.000000	-0.170000	0.140000
3500	YKL096W  	-1.110000	0.200000	-0.290000	-0.900000	-0.760000	-0.500000	0.040000	0.520000	0.680000	0.310000	0.180000	0.740000	0.640000	0.250000
3518	YKL113C  	-1.250000	-0.740000	-0.380000	-0.030000	0.680000	0.700000	0.550000	0.290000	0.190000	0.160000	0.110000	-0.040000	-0.170000	-0.060000
3538	YKL133C  	1.260000	-0.220000	0.200000	0.110000	-0.220000	-0.120000	-0.260000	-0.200000	-0.100000	-0.370000	-0.120000	0.040000	0.030000	-0.030000
3547	YKL142W  	1.700000	0.230000	0.070000	-0.470000	-0.520000	-0.430000	-0.590000	-0.220000	-0.110000	-0.500000	0.130000	0.210000	0.420000	0.090000
3556	YKL151C  	1.230000	0.400000	0.310000	0.070000	-0.390000	-0.590000	-0.350000	-0.070000	-0.190000	-0.630000	-0.450000	0.050000	0.230000	0.390000
3558	YKL153W  	1.070000	0.250000	0.350000	0.290000	0.110000	-0.170000	-0.340000	-0.360000	-0.480000	-0.570000	-0.520000	0.090000	-0.030000	0.300000
3568	YKL163W  	0.030000	-0.550000	-0.490000	-0.400000	-0.530000	-0.460000	-0.570000	-0.440000	-0.070000	0.130000	-0.020000	1.080000	1.280000	1.010000
3569	YKL164C  	-0.140000	-0.730000	0.800000	-1.030000	-0.540000	-0.450000	-0.670000	-0.480000	-0.410000	-0.020000	0.170000	1.030000	1.530000	0.940000
3570	YKL165C  	-1.220000	-0.830000	-0.490000	0.710000	0.060000	0.470000	0.700000	0.220000	0.110000	0.120000	0.230000	-0.050000	0.010000	-0.050000
3571	YKL166C  	-0.930000	0.380000	-0.100000	-0.100000	0.660000	0.050000	-0.060000	-0.130000	-0.530000	-0.110000	2.070000	-0.560000	-0.420000	-0.220000
3577	YKL172W  	-0.470000	0.020000	-0.050000	0.880000	1.110000	0.720000	-0.110000	-0.070000	-0.260000	-0.070000	0.080000	-0.670000	-0.620000	-0.490000
3583	YKL178C  	-0.460000	0.210000	0.400000	0.890000	0.500000	-0.410000	0.270000	-0.060000	-0.210000	-0.170000	0.010000	-0.260000	-1.040000	0.330000
3585	YKL180W  	-1.020000	-0.170000	0.100000	0.280000	0.200000	0.380000	0.000000	0.340000	0.060000	0.250000	-0.010000	0.060000	-0.290000	-0.200000
3587	YKL182W  	-1.020000	0.670000	0.030000	-0.600000	-0.230000	-0.040000	-0.020000	-0.110000	0.360000	0.390000	0.010000	0.590000	-0.250000	0.210000
3592	YKL187C  	-0.830000	0.040000	0.100000	-0.180000	-1.100000	-0.510000	0.110000	0.510000	0.460000	0.290000	-0.020000	0.610000	0.160000	0.360000
3598	YKL193C  	1.170000	0.070000	-0.040000	-0.240000	-0.400000	-0.650000	-0.370000	0.020000	0.200000	-0.370000	0.040000	0.260000	0.460000	-0.160000
3626	YKL221W  	1.290000	-0.040000	-0.120000	-0.370000	1.420000	-0.480000	-0.240000	-0.420000	-0.040000	-0.270000	-0.480000	-0.040000	-0.240000	0.030000
3641	YKR011C  	1.710000	0.190000	0.510000	0.170000	-0.240000	-0.070000	-0.310000	-0.280000	-0.370000	-0.580000	0.230000	-0.350000	-0.280000	-0.330000
3642	YKR012C  	-1.360000	-1.290000	-0.410000	0.150000	0.870000	0.790000	0.820000	0.510000	-0.070000	0.330000	0.310000	-0.260000	-0.830000	0.430000
3643	YKR013W  	-1.770000	-1.290000	-0.820000	-0.090000	0.840000	0.960000	0.590000	0.720000	0.180000	0.680000	0.410000	-0.240000	-0.730000	0.570000
3669	YKR039W  	-1.530000	-0.080000	-0.170000	0.040000	-0.660000	-0.550000	-0.230000	0.700000	0.760000	0.300000	-0.410000	0.390000	0.830000	0.610000
3688	YKR058W  	1.470000	0.240000	0.130000	-0.030000	-0.620000	-0.520000	-0.220000	-0.140000	-0.270000	-0.650000	-0.170000	0.430000	0.260000	0.090000
3707	YKR077W  	-1.360000	0.370000	-0.400000	0.110000	0.560000	0.250000	0.100000	0.360000	-0.180000	0.150000	0.190000	-0.230000	-0.300000	0.370000
3709	YKR079C  	-1.320000	-0.250000	-0.200000	0.270000	0.400000	0.180000	0.220000	0.250000	-0.280000	0.300000	0.350000	-0.020000	-0.160000	0.270000
3711	YKR081C  	-1.570000	-0.390000	0.060000	0.340000	0.720000	0.450000	0.110000	0.260000	-0.110000	0.260000	0.300000	-0.180000	-0.370000	0.120000
3727	YKR097W  	0.530000	0.840000	0.120000	-0.520000	-1.190000	-1.130000	-0.820000	0.200000	0.510000	0.460000	0.060000	0.410000	0.490000	0.040000
3747	YLL011W  	-1.000000	-0.360000	-0.180000	0.460000	1.150000	0.770000	-0.120000	0.040000	0.020000	0.340000	0.160000	-0.520000	-0.540000	-0.220000
3762	YLL026W  	2.290000	0.580000	0.300000	0.160000	-1.250000	-1.170000	-0.980000	-0.570000	0.180000	-0.420000	-0.650000	0.480000	0.680000	0.360000
3765	YLL029W  	1.260000	0.020000	-0.380000	-0.090000	-0.590000	-0.550000	-0.350000	-0.230000	0.310000	0.140000	-0.260000	0.360000	0.070000	0.300000
3780	YLL044W  	-1.080000	-0.690000	-0.010000	0.480000	0.500000	0.400000	0.350000	0.580000	0.120000	0.060000	0.040000	-0.040000	-0.410000	-0.300000
3781	YLL045C  	-1.170000	-0.490000	-0.390000	0.270000	0.580000	0.390000	0.260000	0.530000	0.310000	0.250000	-0.040000	-0.060000	-0.300000	-0.140000
3782	YLL046C  	0.250000	-0.490000	1.280000	0.100000	0.080000	-0.180000	0.060000	-0.110000	0.060000	-0.240000	0.000000	-0.570000	-0.050000	-0.180000
3785	YLL049W  	-0.060000	0.130000	0.190000	0.290000	0.240000	0.250000	0.150000	-0.170000	-1.030000	0.000000	0.190000	-0.100000	-0.150000	0.070000
3803	YLL067C  	-1.220000	0.200000	-0.460000	0.000000	-0.020000	0.120000	0.280000	0.590000	0.180000	0.320000	-0.300000	0.090000	0.020000	0.210000
3811	YLR008C  	-0.870000	1.320000	-0.450000	-0.450000	-0.080000	0.060000	0.130000	0.130000	0.170000	0.260000	0.180000	-0.050000	-0.080000	-0.260000
3812	YLR009W  	-0.780000	-0.290000	-0.100000	0.700000	1.150000	0.430000	0.450000	0.150000	-0.150000	0.150000	0.000000	-0.520000	-0.660000	-0.540000
3828	YLR025W  	1.050000	0.040000	0.280000	0.070000	-0.300000	-0.140000	-0.300000	-0.040000	-0.950000	-0.090000	0.100000	0.140000	0.240000	-0.090000
3851	YLR048W  	-1.390000	0.240000	-0.270000	0.360000	0.580000	0.320000	0.250000	0.310000	-0.060000	0.260000	0.040000	-0.160000	-0.280000	-0.190000
3852	YLR049C  	-0.920000	-1.050000	-0.430000	-0.250000	0.190000	0.280000	0.380000	0.210000	-0.230000	-0.350000	0.380000	0.790000	0.660000	0.350000
3859	YLR056W  	-1.160000	0.600000	0.030000	0.050000	0.400000	0.130000	0.030000	0.000000	-0.160000	0.370000	0.170000	-0.330000	-0.400000	0.290000
3863	YLR060W  	-1.150000	-0.540000	-0.560000	-0.030000	0.350000	0.370000	0.130000	0.380000	0.190000	0.350000	0.190000	0.060000	0.080000	0.170000
3886	YLR083C  	-1.240000	-0.520000	-0.410000	-0.410000	0.340000	0.370000	0.470000	0.360000	0.390000	0.410000	0.250000	0.440000	-0.090000	-0.360000
3900	YLR097C  	1.130000	-0.050000	0.130000	0.130000	-0.070000	-0.130000	-0.350000	-0.240000	-0.130000	-0.330000	0.040000	0.010000	-0.070000	-0.070000
3902	YLR099C  	1.010000	-0.280000	-0.120000	-0.010000	0.020000	0.010000	-0.010000	0.070000	-0.190000	-0.160000	0.010000	0.010000	-0.250000	-0.110000
3913	YLR110C  	-0.440000	-0.880000	-1.120000	-0.840000	-0.190000	-0.010000	0.270000	0.620000	0.560000	0.410000	0.230000	0.600000	0.550000	0.240000
3922	YLR119W  	1.030000	0.180000	0.130000	0.140000	0.060000	0.020000	0.160000	-0.010000	-0.430000	-0.360000	0.180000	-0.670000	-0.320000	-0.110000
3928	YLR125W  	0.760000	0.000000	1.920000	0.190000	0.200000	-0.160000	-0.200000	-0.160000	-0.240000	-0.470000	-0.400000	-0.670000	-0.360000	-0.400000
3934	YLR131C  	-0.900000	-1.000000	-0.900000	-1.150000	-0.600000	-0.370000	-0.320000	0.520000	0.720000	0.890000	0.860000	0.930000	0.900000	0.420000
3939	YLR136C  	2.190000	1.140000	-0.060000	-0.940000	-0.690000	-0.620000	-0.500000	-0.290000	0.060000	-0.130000	0.160000	-0.040000	-0.240000	-0.040000
3945	YLR142W  	2.420000	-0.540000	0.240000	-0.160000	-0.650000	-0.490000	-0.700000	0.120000	-0.020000	-0.140000	-0.110000	0.180000	-0.180000	0.040000
3951	YLR148W  	0.020000	0.140000	0.110000	0.200000	0.020000	0.030000	-0.080000	-0.160000	-1.020000	0.170000	-0.030000	0.220000	0.200000	0.170000
3952	YLR149C  	1.410000	0.010000	0.120000	-0.030000	-0.630000	-0.720000	-0.420000	-0.080000	-0.060000	-0.440000	-0.100000	0.440000	0.270000	0.230000
3953	YLR150W  	-0.330000	-0.130000	0.170000	0.430000	0.510000	0.390000	0.160000	0.330000	-1.520000	-0.070000	0.060000	-0.040000	0.080000	-0.040000
3956	YLR153C  	-1.830000	-0.610000	-0.290000	-0.530000	-0.130000	-0.270000	0.140000	0.670000	0.590000	0.470000	0.150000	0.510000	0.610000	0.510000
3978	YLR175W  	-1.290000	-0.270000	-0.100000	0.320000	0.710000	0.690000	0.540000	0.100000	0.060000	0.450000	0.170000	-0.440000	-0.610000	-0.330000
3980	YLR177W  	1.360000	-0.120000	-0.070000	-0.660000	-0.070000	-0.440000	0.380000	0.090000	-0.270000	-0.370000	0.030000	0.400000	-0.120000	-0.120000
3981	YLR178C  	1.470000	0.660000	0.150000	0.040000	-0.930000	-1.330000	-1.140000	-0.360000	0.520000	-0.540000	-1.030000	0.730000	1.220000	0.530000
3982	YLR179C  	-1.230000	-0.210000	-0.290000	-0.190000	0.340000	0.260000	0.490000	0.340000	0.330000	0.210000	-0.090000	0.270000	-0.110000	-0.130000
3983	YLR180W  	-1.710000	0.040000	-0.620000	0.020000	0.620000	0.470000	0.350000	0.240000	0.330000	0.910000	0.110000	0.190000	-0.740000	-0.210000
3986	YLR183C  	-1.460000	-1.520000	-0.490000	-0.370000	0.630000	0.410000	0.870000	0.680000	0.380000	0.400000	0.460000	-0.020000	0.060000	-0.020000
3988	YLR185W  	-1.060000	-0.230000	0.020000	-0.270000	0.210000	0.170000	0.010000	0.130000	0.500000	0.560000	-0.030000	0.200000	0.110000	-0.310000
3989	YLR186W  	-1.170000	-0.430000	-0.390000	0.160000	0.440000	0.500000	0.010000	0.630000	0.470000	0.440000	-0.190000	-0.590000	0.120000	-0.010000
3993	YLR190W  	-1.340000	-0.280000	0.040000	-0.710000	-0.760000	-0.610000	-0.230000	0.480000	0.570000	0.730000	0.730000	0.620000	0.470000	0.290000
3997	YLR194C  	-0.960000	0.100000	0.060000	-0.120000	-0.610000	-0.800000	-0.150000	-0.060000	-0.120000	0.330000	0.280000	0.670000	1.060000	0.320000
3999	YLR196W  	-1.620000	0.390000	0.030000	0.310000	0.470000	0.650000	0.060000	0.200000	-0.160000	0.480000	0.020000	-0.470000	-0.430000	0.060000
4000	YLR197W  	-1.310000	-0.640000	-0.060000	0.430000	0.810000	0.780000	0.530000	0.060000	-0.020000	0.320000	0.430000	-0.400000	-0.670000	-0.270000
4001	YLR198C  	-1.100000	0.000000	0.430000	0.500000	1.050000	0.980000	0.420000	0.020000	-0.370000	-0.010000	0.430000	-0.850000	-0.980000	-0.520000
4015	YLR212C  	-1.460000	0.100000	0.530000	-0.220000	0.330000	0.370000	0.110000	0.320000	-0.040000	0.240000	0.180000	-0.150000	-0.520000	0.190000
4019	YLR216C  	1.480000	0.530000	0.280000	-0.010000	-0.290000	-0.450000	-0.510000	-0.200000	-0.350000	-0.350000	-0.170000	-0.160000	0.190000	0.040000
4020	YLR217W  	1.540000	-0.060000	0.200000	-0.080000	-0.330000	-0.370000	-0.370000	-0.330000	-0.180000	-0.200000	-0.090000	-0.060000	0.200000	0.130000
4025	YLR222C  	-1.440000	0.000000	0.130000	0.490000	0.840000	0.650000	0.230000	0.250000	-0.160000	0.350000	0.380000	-0.630000	-0.800000	-0.290000
4052	YLR249W  	-1.930000	-0.630000	-0.360000	0.090000	0.910000	0.890000	0.730000	0.450000	0.550000	0.390000	-0.120000	0.100000	-0.840000	-0.250000
4054	YLR251W  	1.260000	0.180000	0.300000	-0.240000	-0.360000	-0.420000	-0.560000	-0.210000	-0.040000	-0.620000	-0.340000	0.350000	0.600000	0.120000
4055	YLR252W  	1.120000	-0.150000	0.290000	-0.210000	-0.130000	-0.350000	-0.150000	-0.210000	0.090000	-0.650000	-0.040000	0.070000	0.290000	0.040000
4060	YLR257W  	1.850000	-0.320000	-0.130000	-0.420000	-0.490000	-0.280000	-0.320000	-0.130000	-0.020000	-0.420000	-0.260000	0.470000	0.410000	0.070000
4061	YLR258W  	1.410000	-0.430000	-0.300000	-0.620000	-1.120000	-0.980000	-0.730000	-0.120000	0.220000	-0.280000	-0.080000	1.090000	1.090000	0.850000
4067	YLR264W  	-1.430000	-0.060000	-0.460000	0.320000	0.470000	0.300000	0.170000	0.320000	0.090000	0.270000	0.300000	0.020000	-0.350000	0.060000
4073	YLR270W  	1.210000	0.860000	0.130000	0.150000	-0.810000	-0.730000	-0.910000	-0.340000	-0.110000	-0.230000	-0.160000	0.210000	0.460000	0.270000
4074	YLR271W  	1.280000	-0.050000	0.040000	0.060000	-0.110000	-0.260000	-0.090000	-0.090000	-0.090000	-0.360000	-0.050000	-0.050000	0.040000	-0.260000
4089	YLR286C  	2.490000	1.050000	0.320000	-1.360000	-1.420000	-1.700000	-2.040000	-1.550000	-1.190000	-0.300000	0.400000	1.120000	1.910000	2.250000
4094	YLR290C  	1.030000	0.270000	0.190000	-0.140000	-0.170000	-0.240000	-0.260000	-0.290000	-0.020000	-0.410000	0.320000	0.010000	-0.070000	-0.200000
4104	YLR300W  	-2.200000	-1.370000	-1.410000	-1.050000	0.020000	0.550000	0.330000	0.290000	0.560000	1.100000	0.650000	1.060000	0.810000	0.640000
4107	YLR303W  	-0.530000	2.440000	0.380000	0.110000	0.160000	-0.650000	-0.620000	-0.430000	-0.210000	-0.020000	-0.230000	0.110000	-0.280000	-0.230000
4108	YLR304C  	-1.210000	-0.390000	-0.260000	-0.240000	-0.290000	-0.230000	-0.140000	0.350000	0.510000	0.460000	0.220000	0.570000	0.400000	0.250000
4112	YLR308W  	0.380000	-0.020000	0.190000	0.290000	0.340000	0.030000	0.410000	-0.210000	0.090000	0.130000	-0.020000	-0.660000	-1.020000	0.050000
4118	YLR313C  	-1.170000	-0.590000	-0.220000	0.180000	0.340000	0.560000	0.680000	0.450000	0.060000	0.020000	0.020000	-0.430000	-0.030000	0.130000
4119	YLR314C  	-1.330000	-0.840000	-0.870000	-0.310000	-0.100000	0.100000	0.060000	0.510000	0.880000	0.460000	0.590000	0.560000	0.280000	0.010000
4123	YLR318W  	0.050000	-0.380000	0.300000	0.150000	0.210000	0.020000	-0.050000	-0.150000	0.510000	0.080000	0.300000	-0.130000	-1.090000	0.190000
4132	YLR327C  	2.200000	0.310000	0.140000	-0.520000	-0.570000	-1.060000	-0.340000	-0.140000	-0.140000	-0.800000	0.030000	0.420000	0.360000	0.120000
4134	YLR329W  	2.200000	-0.190000	0.180000	-0.190000	0.180000	0.040000	-0.090000	-0.380000	-0.130000	-0.640000	0.010000	-0.430000	-0.430000	-0.130000
4148	YLR344W  	-1.140000	-0.430000	-0.020000	0.530000	0.410000	0.270000	-0.060000	0.260000	0.410000	0.230000	-0.120000	0.060000	-0.140000	-0.270000
4150	YLR346C  	1.080000	-0.070000	-0.020000	-0.020000	-0.070000	-0.370000	-0.530000	0.030000	-0.090000	-0.340000	0.070000	0.140000	0.140000	0.050000
4154	YLR350W  	1.380000	-0.400000	-0.220000	-0.320000	-0.270000	-0.360000	-0.250000	0.180000	0.160000	-0.250000	-0.070000	0.220000	0.130000	0.080000
4157	YLR353W  	-1.120000	-0.650000	0.260000	0.020000	-0.010000	-0.360000	0.030000	0.380000	0.420000	0.460000	0.270000	0.400000	-0.450000	0.360000
4159	YLR355C  	-2.390000	-0.310000	-0.540000	0.700000	0.360000	0.060000	0.040000	0.670000	0.490000	0.580000	-0.340000	0.040000	0.330000	0.290000
4176	YLR372W  	-1.810000	-0.810000	-0.540000	-0.340000	0.600000	0.950000	0.810000	0.770000	0.430000	0.540000	0.370000	-0.290000	-0.320000	-0.340000
4181	YLR377C  	-0.580000	0.420000	0.020000	-0.130000	-1.050000	-0.980000	-0.510000	0.090000	0.780000	0.660000	-0.170000	0.610000	0.860000	-0.050000
4192	YLR388W  	-1.050000	0.220000	0.010000	0.070000	0.300000	0.380000	0.210000	0.340000	-0.040000	0.150000	0.320000	-0.230000	-0.410000	-0.260000
4198	YLR394W  	-0.440000	-0.640000	-0.340000	-0.160000	-0.220000	-0.180000	-0.180000	0.160000	0.330000	0.220000	1.230000	0.000000	0.230000	0.000000
4201	YLR397C  	-1.070000	-0.370000	-0.190000	-0.020000	0.510000	0.320000	0.120000	0.060000	0.290000	0.360000	-0.330000	0.180000	0.180000	-0.050000
4227	YLR423C  	1.360000	0.380000	0.300000	0.030000	-0.260000	-0.090000	-0.260000	-0.260000	-0.050000	-0.650000	-0.130000	-0.210000	0.050000	-0.210000
4236	YLR432W  	-1.830000	-0.500000	-0.430000	0.200000	0.550000	0.530000	0.320000	0.530000	-0.090000	0.420000	0.530000	0.050000	-0.350000	0.100000
4244	YLR440C  	-0.130000	-0.830000	-0.630000	1.010000	0.210000	0.030000	-0.330000	0.140000	0.160000	0.160000	-0.110000	0.140000	0.120000	0.060000
4252	YLR448W  	-1.730000	-0.590000	-0.050000	0.090000	0.440000	0.490000	0.300000	0.470000	0.140000	0.330000	0.170000	-0.020000	-0.040000	-0.010000
4266	YLR462W  	-1.040000	-0.250000	0.290000	-0.160000	0.060000	0.360000	0.130000	0.130000	0.020000	0.230000	0.180000	0.020000	-0.260000	0.320000
4267	YLR463C  	-1.040000	-0.370000	-0.110000	0.020000	0.310000	0.290000	0.350000	0.200000	0.090000	0.140000	-0.240000	0.200000	-0.220000	0.380000
4270	YLR466W  	-1.320000	-0.410000	-0.550000	-0.190000	0.080000	0.640000	0.170000	0.460000	0.410000	0.380000	-0.430000	0.280000	0.050000	0.430000
4271	YLR467W  	-1.130000	-0.480000	-0.090000	0.220000	0.320000	-0.050000	-0.110000	0.100000	0.340000	0.280000	-0.160000	0.260000	0.380000	0.130000
4275	YML004C  	1.580000	-0.210000	-0.040000	-0.170000	-0.430000	-0.530000	-0.380000	-0.090000	0.150000	-0.270000	-0.610000	0.250000	0.500000	0.250000
4294	YML022W  	-1.200000	-0.750000	-0.060000	0.090000	0.590000	0.430000	0.520000	0.410000	0.010000	0.100000	0.180000	-0.070000	-0.280000	0.030000
4296	YML027W  	-1.550000	-1.200000	-0.520000	-0.130000	0.600000	0.860000	0.720000	0.720000	0.450000	0.660000	-0.090000	-0.270000	-0.440000	0.200000
4298	YML029W  	0.300000	0.090000	0.290000	0.070000	-1.950000	-0.150000	-0.020000	0.220000	0.220000	0.180000	-0.080000	0.430000	0.120000	0.290000
4303	YML034W  	-0.300000	-0.620000	-0.120000	-1.040000	-0.720000	-0.300000	-0.170000	0.210000	0.280000	0.430000	1.280000	0.550000	0.310000	0.210000
4311	YML042W  	-0.360000	0.230000	-0.310000	-0.830000	-1.460000	-1.020000	-0.340000	0.130000	0.640000	0.410000	0.240000	1.080000	1.060000	0.530000
4322	YML054C  	1.940000	0.670000	0.710000	0.010000	-0.990000	-0.950000	-0.950000	-0.320000	0.350000	-0.490000	-0.780000	0.410000	0.330000	0.060000
4347	YML080W  	-1.110000	0.050000	-0.110000	0.260000	0.370000	0.340000	0.330000	0.060000	-0.020000	0.390000	0.100000	-0.260000	-0.410000	0.000000
4354	YML087C  	-1.290000	-0.380000	0.160000	0.550000	0.390000	0.280000	-0.210000	0.110000	0.060000	0.040000	0.080000	0.200000	0.010000	0.010000
4367	YML100W  	0.590000	0.470000	-0.370000	-0.040000	-1.470000	-1.240000	-0.440000	0.240000	0.550000	-0.180000	-0.420000	0.840000	0.730000	0.740000
4369	YML102W  	-1.000000	0.140000	-0.470000	0.040000	-0.030000	0.110000	0.040000	0.470000	0.100000	0.300000	-0.060000	0.040000	0.010000	0.300000
4373	YML106W  	-1.040000	-0.220000	-0.270000	-0.220000	0.280000	0.360000	0.290000	0.460000	0.080000	0.310000	0.310000	-0.110000	-0.170000	-0.060000
4384	YML117W  	1.080000	-0.240000	-0.260000	-0.480000	-0.230000	-0.320000	0.140000	-0.260000	0.390000	0.170000	-0.420000	0.500000	0.150000	-0.210000
4385	YML118W  	1.430000	-0.160000	-0.180000	-0.010000	-0.300000	-0.300000	-0.200000	-0.060000	0.010000	0.040000	-0.540000	0.320000	-0.260000	0.210000
4390	YML123C  	-2.830000	1.020000	0.540000	0.870000	0.630000	0.540000	0.140000	-0.210000	-0.190000	0.320000	-0.130000	-0.080000	-0.310000	-0.310000
4392	YML125C  	-1.320000	0.240000	0.050000	-0.390000	0.250000	-0.030000	0.020000	0.660000	0.280000	0.480000	0.160000	-0.270000	-0.180000	0.050000
4395	YML128C  	0.880000	0.230000	0.530000	0.540000	-0.970000	-1.210000	-0.950000	-0.540000	0.390000	-0.650000	-1.180000	0.560000	1.510000	0.870000
4401	YMR001C  	-1.100000	-0.980000	-1.420000	-0.900000	-0.800000	-0.390000	-0.120000	0.770000	0.790000	1.150000	0.670000	1.080000	0.870000	0.370000
4414	YMR014W  	-1.070000	-0.070000	0.260000	0.540000	0.340000	0.370000	0.230000	0.230000	-0.070000	0.080000	0.170000	-0.450000	-0.490000	-0.090000
4415	YMR015C  	-1.430000	0.670000	0.870000	0.780000	0.530000	0.230000	0.090000	-0.290000	-0.380000	-0.270000	0.040000	-0.190000	-0.530000	-0.110000
4440	YMR040W  	1.330000	0.040000	0.200000	0.280000	-0.100000	-0.200000	-0.240000	-0.240000	-0.260000	-0.390000	-0.060000	-0.460000	0.090000	-0.010000
4448	YMR049C  	-1.620000	-0.430000	0.030000	0.640000	0.990000	0.830000	0.440000	0.210000	-0.280000	0.270000	0.200000	-0.540000	-0.500000	-0.250000
4450	YMR052W  	1.230000	0.150000	0.170000	0.090000	0.120000	-0.210000	-0.270000	-0.190000	-0.190000	-0.360000	0.120000	-0.340000	-0.150000	-0.170000
4456	YMR058W  	0.360000	1.140000	-0.500000	-0.420000	-0.300000	-0.270000	-0.030000	0.070000	0.200000	0.250000	-0.130000	0.340000	-0.340000	-0.380000
4476	YMR078C  	-1.500000	-0.730000	-0.280000	0.120000	0.510000	0.790000	1.020000	0.730000	0.090000	0.100000	0.100000	-0.370000	-0.350000	-0.250000
4479	YMR081C  	2.560000	-0.220000	0.030000	-0.540000	-0.420000	-0.650000	0.100000	0.070000	-0.240000	-0.690000	-0.190000	0.420000	0.010000	-0.240000
4488	YMR090W  	1.390000	-0.140000	0.040000	-0.060000	-0.560000	-0.610000	-0.660000	-0.200000	0.100000	-0.200000	-0.160000	0.100000	0.580000	0.380000
4494	YMR096W  	-0.960000	-0.880000	-0.130000	0.030000	-0.230000	-0.490000	-0.390000	-0.160000	0.010000	0.030000	-0.370000	0.370000	1.330000	1.840000
4495	YMR097C  	-0.300000	-0.810000	-0.280000	0.130000	-0.030000	-0.180000	-0.160000	-0.200000	-0.230000	-0.250000	0.340000	0.190000	0.660000	1.130000
4501	YMR103C  	1.110000	-0.170000	-0.030000	-0.620000	-0.350000	-0.540000	-0.350000	0.030000	0.050000	-0.090000	-0.030000	0.440000	0.360000	0.170000
4502	YMR104C  	1.060000	-0.380000	-0.290000	-0.310000	-0.780000	-0.780000	-0.310000	0.680000	-0.070000	0.150000	-0.130000	0.510000	0.240000	0.420000
4503	YMR105C  	1.520000	0.400000	0.050000	0.290000	-1.250000	-1.340000	-0.700000	0.180000	0.340000	-0.460000	-0.540000	0.760000	0.660000	0.100000
4505	YMR107W  	2.650000	-0.160000	0.300000	0.450000	-0.440000	-1.220000	-0.980000	-0.350000	0.020000	-0.850000	-1.380000	-0.090000	1.200000	0.850000
4508	YMR110C  	1.290000	-0.140000	-0.160000	-0.440000	-0.680000	-0.460000	-0.510000	-0.270000	0.420000	-0.120000	-0.230000	0.500000	0.450000	0.350000
4512	YMR114C  	1.590000	0.000000	0.110000	-0.210000	-0.440000	-0.330000	-0.250000	-0.020000	-0.110000	-0.370000	-0.110000	0.000000	-0.070000	0.230000
4523	YMR125W  	-0.350000	-0.260000	-0.280000	0.320000	0.160000	0.220000	0.130000	0.070000	0.430000	-1.220000	0.150000	0.220000	0.220000	0.180000
4527	YMR129W  	-1.100000	0.240000	0.050000	0.000000	-0.160000	-0.040000	0.130000	0.370000	0.150000	0.390000	-0.040000	0.000000	-0.120000	0.140000
4529	YMR131C  	-1.140000	-0.020000	-0.020000	0.280000	1.050000	0.730000	0.320000	0.190000	-0.220000	0.510000	0.180000	-0.690000	-0.990000	-0.170000
4537	YMR139W  	1.200000	-0.160000	-0.080000	-0.530000	-0.660000	-0.350000	-0.630000	-0.140000	0.310000	0.050000	-0.030000	0.600000	0.260000	0.160000
4538	YMR140W  	1.220000	0.280000	-0.080000	-0.080000	-0.230000	-0.850000	-0.340000	0.030000	0.120000	-0.230000	-0.390000	0.340000	0.200000	0.010000
4539	YMR141C  	1.170000	-0.120000	0.180000	-0.220000	-0.260000	-0.330000	-0.120000	-0.470000	0.010000	-0.350000	0.060000	-0.020000	0.360000	0.100000
4540	YMR144W  	-1.090000	-0.550000	-0.170000	-0.600000	0.080000	0.520000	0.270000	0.450000	0.410000	0.260000	0.270000	0.100000	0.170000	-0.130000
4556	YMR160W  	1.050000	-0.210000	-0.070000	0.060000	-0.430000	-0.510000	-0.030000	-0.300000	0.150000	0.120000	-0.340000	0.150000	0.400000	-0.050000
4566	YMR170C  	1.500000	-0.410000	-0.220000	0.250000	-0.160000	-0.590000	-0.780000	-0.410000	0.060000	-0.320000	-1.010000	0.120000	1.010000	0.980000
4575	YMR179W  	-0.910000	-0.710000	0.510000	0.010000	0.400000	0.560000	0.340000	0.450000	-0.110000	0.390000	0.340000	-0.300000	-1.070000	0.090000
4576	YMR180C  	0.290000	1.510000	-0.020000	0.200000	0.130000	0.030000	-0.120000	-0.160000	-0.680000	-0.490000	-0.010000	-0.220000	-0.120000	-0.340000
4582	YMR186W  	1.060000	0.400000	0.320000	0.320000	-0.390000	-0.550000	-0.430000	-0.510000	-0.090000	-0.210000	-0.030000	0.030000	0.400000	-0.310000
4585	YMR189W  	-1.280000	0.060000	-0.390000	0.100000	-0.600000	-0.290000	-0.150000	-0.190000	0.060000	0.330000	0.490000	0.570000	0.640000	0.630000
4590	YMR195W  	1.200000	-0.230000	-0.030000	-0.120000	-0.560000	-0.230000	0.090000	0.090000	-0.030000	-0.350000	-0.030000	0.100000	0.180000	-0.080000
4591	YMR196W  	-0.190000	0.150000	-0.320000	-0.280000	-1.010000	-1.070000	-0.580000	0.360000	0.590000	0.390000	-0.510000	0.900000	0.900000	0.670000
4594	YMR199W  	-0.510000	-2.070000	-0.960000	-0.290000	0.230000	0.650000	0.480000	0.540000	0.590000	0.530000	0.240000	0.270000	-0.030000	0.300000
4609	YMR215W  	-1.520000	-1.630000	-1.420000	-1.080000	-0.220000	0.480000	0.740000	1.260000	1.090000	0.970000	0.260000	0.770000	0.480000	-0.200000
4613	YMR219W  	0.370000	0.100000	-0.160000	0.240000	-0.150000	-0.150000	0.240000	-0.090000	0.300000	0.310000	-0.020000	0.150000	-1.160000	0.020000
4634	YMR241W  	-1.820000	-0.520000	-0.350000	-0.170000	0.370000	0.630000	0.160000	0.710000	0.480000	0.440000	0.030000	0.250000	-0.020000	-0.190000
4641	YMR250W  	2.270000	0.480000	0.380000	0.110000	-1.020000	-1.310000	-1.090000	-0.360000	0.000000	-0.740000	-0.840000	0.460000	1.060000	0.590000
4646	YMR255W  	1.380000	-0.050000	0.200000	-0.060000	0.050000	-0.030000	-0.130000	-0.210000	-0.320000	-0.430000	0.180000	-0.230000	0.160000	-0.500000
4650	YMR259C  	-0.250000	-0.030000	0.240000	0.220000	0.550000	0.340000	0.350000	0.090000	-0.090000	0.380000	-0.170000	-0.170000	-1.270000	-0.190000
4659	YMR268C  	0.480000	-0.140000	-0.200000	0.580000	0.590000	0.270000	0.320000	0.130000	-0.280000	-0.100000	0.000000	-0.220000	-1.320000	-0.140000
4662	YMR271C  	1.110000	-0.130000	-0.160000	0.120000	0.150000	-0.220000	-0.020000	-0.150000	-0.200000	-0.400000	-0.060000	-0.010000	-0.180000	0.150000
4681	YMR290C  	-1.260000	-0.570000	0.110000	0.610000	1.000000	0.840000	0.420000	0.080000	-0.350000	0.270000	0.300000	-0.490000	-0.620000	-0.330000
4682	YMR291W  	1.210000	0.400000	-0.090000	-0.380000	-0.650000	-0.490000	-0.320000	-0.340000	-0.300000	-0.280000	-0.010000	0.440000	0.290000	0.530000
4687	YMR297W  	0.110000	0.010000	0.050000	0.170000	-0.520000	-0.900000	-0.380000	0.100000	0.250000	-0.090000	-0.740000	0.370000	1.000000	0.550000
4691	YMR301C  	-1.290000	-0.290000	-0.100000	0.190000	0.130000	0.110000	0.270000	0.470000	0.240000	0.240000	-0.180000	0.140000	-0.080000	0.160000
4695	YMR305C  	-1.970000	-2.060000	-0.970000	-0.390000	0.930000	0.820000	1.130000	1.180000	0.600000	0.580000	0.330000	0.190000	-0.480000	0.110000
4697	YMR307W  	-2.750000	-1.810000	-0.840000	0.140000	0.850000	0.820000	1.040000	0.960000	0.420000	0.560000	0.620000	0.370000	-0.290000	-0.090000
4699	YMR309C  	-1.150000	-0.510000	-0.180000	0.670000	0.440000	0.150000	0.340000	0.120000	0.180000	0.250000	0.070000	-0.060000	-0.010000	-0.300000
4700	YMR310C  	-1.310000	0.140000	0.980000	0.330000	0.250000	0.270000	0.180000	-0.030000	-0.120000	0.270000	-0.140000	-0.290000	-0.620000	0.080000
4701	YMR311C  	1.410000	-0.090000	0.360000	0.160000	-0.090000	-0.320000	-0.220000	-0.040000	-0.240000	-0.590000	-0.220000	-0.080000	0.060000	-0.080000
4706	YMR316W  	2.500000	0.040000	0.090000	0.020000	-0.250000	-0.050000	-0.030000	-0.460000	-0.560000	-0.320000	0.220000	-0.210000	-0.580000	-0.410000
4708	YMR318C  	-1.640000	-0.480000	-0.280000	0.180000	0.310000	0.480000	0.170000	0.420000	0.130000	0.230000	0.080000	0.290000	-0.120000	0.220000
4717	YNL002C  	-0.650000	-0.040000	-0.010000	0.560000	1.390000	0.650000	0.380000	0.050000	-0.260000	0.010000	-0.280000	-0.620000	-0.650000	-0.530000
4722	YNL007C  	1.280000	0.810000	-0.090000	-0.250000	-0.590000	-0.920000	-0.670000	-0.030000	0.110000	-0.240000	-0.280000	0.020000	0.570000	0.300000
4745	YNL030W  	-1.420000	-1.380000	-1.460000	-0.770000	-0.070000	0.730000	1.070000	1.230000	0.940000	0.650000	0.660000	0.610000	-0.010000	-0.790000
4746	YNL031C  	-0.650000	-1.280000	-0.420000	-0.520000	0.030000	0.560000	0.770000	1.050000	0.550000	0.230000	0.270000	0.070000	-0.090000	-0.570000
4751	YNL036W  	-2.440000	-0.780000	0.500000	0.140000	0.070000	0.060000	0.140000	0.020000	0.260000	0.160000	-0.130000	0.630000	0.790000	0.590000
4760	YNL045W  	1.550000	-0.170000	-0.360000	-0.170000	-0.530000	-0.200000	-0.280000	-0.090000	0.080000	-0.030000	-0.230000	-0.120000	0.260000	0.280000
4770	YNL055C  	-0.270000	-0.360000	1.020000	-0.160000	-0.430000	-0.620000	-0.510000	0.200000	-0.010000	0.210000	-0.180000	0.290000	0.480000	0.350000
4772	YNL057W  	-1.180000	-0.750000	0.020000	-0.350000	-1.010000	-0.410000	-0.540000	0.030000	0.280000	0.580000	0.720000	1.000000	0.960000	0.620000
4773	YNL058C  	-0.820000	-0.750000	-0.560000	-0.790000	-0.820000	-0.720000	-0.620000	-0.050000	0.560000	0.680000	1.270000	1.090000	0.860000	0.680000
4775	YNL061W  	-1.020000	-0.120000	-0.110000	0.690000	0.510000	0.390000	0.020000	0.050000	-0.180000	0.360000	-0.050000	-0.150000	-0.330000	-0.050000
4780	YNL066W  	-0.370000	-0.710000	-1.060000	-1.370000	-0.840000	-0.800000	-0.590000	-0.080000	0.230000	0.430000	0.500000	1.350000	1.940000	1.380000
4783	YNL069C  	-1.190000	-0.400000	-0.110000	0.560000	0.530000	0.590000	0.380000	0.200000	0.130000	0.240000	-0.080000	-0.100000	-0.380000	-0.370000
4791	YNL077W  	1.460000	0.080000	-0.460000	-0.080000	-0.130000	0.080000	-0.230000	-0.040000	-0.170000	-0.130000	-0.130000	-0.100000	-0.280000	0.140000
4792	YNL078W  	0.040000	-0.600000	-0.410000	-0.410000	-0.260000	-0.550000	-0.760000	-0.600000	-0.280000	-0.120000	0.400000	0.980000	1.630000	0.940000
4807	YNL093W  	1.600000	-0.530000	-0.130000	0.020000	-0.440000	-0.470000	-0.410000	-0.230000	0.310000	-0.180000	0.020000	0.260000	-0.070000	0.250000
4824	YNL110C  	-0.710000	-0.260000	1.130000	0.700000	0.970000	0.640000	0.190000	-0.220000	-0.360000	-0.220000	0.180000	-0.770000	-0.630000	-0.630000
4825	YNL111C  	-1.260000	0.310000	0.240000	0.350000	0.320000	0.050000	-0.260000	0.070000	-0.160000	0.440000	0.220000	-0.260000	-0.130000	0.080000
4826	YNL112W  	-1.260000	-0.570000	-0.090000	1.090000	1.330000	0.990000	0.440000	0.200000	-0.430000	0.280000	-0.220000	-0.760000	-0.650000	-0.340000
4831	YNL117W  	-1.030000	0.420000	-0.510000	-0.240000	-1.290000	-1.090000	-0.640000	0.520000	1.050000	0.640000	0.150000	0.730000	1.040000	0.250000
4846	YNL132W  	-1.540000	-0.370000	-0.130000	0.380000	0.770000	0.670000	0.460000	0.120000	-0.060000	0.320000	-0.040000	-0.110000	-0.410000	-0.060000
4855	YNL141W  	-1.210000	-0.390000	-0.460000	0.380000	0.960000	1.020000	0.260000	-0.160000	0.050000	0.440000	0.120000	-0.490000	-0.510000	-0.010000
4858	YNL144C  	1.700000	0.070000	0.180000	-0.310000	0.160000	-0.510000	-0.340000	0.030000	-0.170000	-0.420000	-0.260000	0.220000	-0.140000	-0.210000
4871	YNL157W  	1.190000	0.030000	-0.570000	-0.020000	-0.210000	-0.230000	-0.050000	0.060000	-0.130000	-0.080000	-0.040000	0.140000	-0.070000	-0.020000
4874	YNL160W  	1.680000	0.630000	1.050000	1.030000	-0.230000	-1.030000	-0.820000	-0.770000	-0.460000	-0.500000	-0.520000	0.050000	-0.200000	0.080000
4877	YNL163C  	-1.180000	0.020000	0.110000	0.200000	0.570000	0.450000	-0.040000	0.010000	0.050000	0.100000	0.020000	-0.210000	-0.270000	0.160000
4883	YNL169C  	-1.070000	-0.390000	-0.480000	-0.270000	-0.130000	0.480000	0.280000	0.450000	0.160000	0.190000	0.170000	0.480000	0.040000	0.100000
4888	YNL174W  	-0.850000	-0.470000	0.070000	0.580000	1.110000	0.480000	0.320000	0.090000	-0.250000	0.050000	-0.030000	-0.570000	-0.320000	-0.210000
4889	YNL175C  	-1.700000	-0.140000	-0.100000	0.410000	0.820000	0.560000	0.170000	0.100000	0.020000	0.510000	0.360000	-0.330000	-0.700000	0.030000
4896	YNL182C  	-1.300000	-0.340000	0.130000	0.620000	1.000000	0.640000	0.300000	-0.050000	-0.130000	0.390000	0.040000	-0.390000	-0.540000	-0.390000
4906	YNL192W  	0.900000	-1.550000	-0.940000	-0.760000	-0.460000	-0.410000	-0.360000	-0.310000	0.150000	0.550000	0.190000	1.330000	1.190000	0.470000
4908	YNL194C  	1.920000	0.710000	0.260000	-0.410000	-1.500000	-1.500000	-0.710000	0.100000	0.600000	-0.850000	-0.650000	0.910000	0.750000	0.370000
4909	YNL195C  	0.950000	0.370000	0.600000	-0.100000	-1.180000	-1.080000	-0.560000	0.170000	0.570000	-0.700000	-0.910000	0.480000	1.160000	0.230000
4914	YNL200C  	1.720000	0.350000	0.250000	-0.310000	-0.980000	-0.780000	-0.600000	-0.110000	0.170000	-0.180000	-0.310000	0.180000	0.330000	0.270000
4923	YNL209W  	-1.150000	-0.720000	-0.300000	0.010000	0.430000	0.280000	0.210000	0.380000	0.430000	0.360000	-0.180000	0.450000	-0.270000	0.070000
4928	YNL214W  	0.390000	0.200000	-0.010000	-0.340000	-0.050000	-0.090000	0.070000	0.140000	0.090000	0.140000	0.050000	0.420000	-1.030000	0.010000
4937	YNL223W  	1.050000	-0.360000	0.090000	0.090000	-0.470000	-0.560000	-0.180000	0.060000	-0.260000	-0.140000	0.280000	0.190000	0.100000	0.100000
4942	YNL228W  	-0.430000	1.420000	0.030000	0.380000	0.480000	0.170000	-0.140000	-0.200000	-0.300000	-0.160000	0.010000	-0.570000	-0.240000	-0.450000
4947	YNL233W  	-1.010000	-0.520000	-0.360000	-0.120000	0.440000	0.690000	0.210000	0.490000	0.150000	0.280000	0.060000	0.150000	-0.500000	0.020000
4956	YNL242W  	0.420000	-0.020000	-0.110000	0.260000	0.200000	0.030000	0.140000	-1.890000	0.420000	0.250000	0.460000	0.090000	-0.510000	0.280000
4961	YNL247W  	-1.580000	-0.130000	0.030000	0.120000	0.040000	0.130000	0.050000	0.370000	0.090000	0.440000	0.210000	0.040000	0.110000	0.080000
4962	YNL248C  	-1.260000	-0.110000	0.140000	0.810000	0.970000	0.850000	0.470000	-0.090000	-0.360000	0.130000	0.290000	-0.810000	-0.650000	-0.380000
4976	YNL262W  	-1.010000	-0.660000	-0.430000	0.140000	0.580000	0.720000	0.540000	-0.190000	0.250000	0.250000	0.250000	-0.010000	-0.430000	0.000000
4980	YNL266W  	1.000000	0.320000	-0.130000	-0.520000	-0.220000	-0.310000	-0.150000	0.090000	0.050000	-0.290000	0.190000	0.120000	0.140000	-0.310000
4987	YNL273W  	-1.190000	-0.490000	-0.150000	0.220000	0.300000	0.260000	0.330000	0.440000	0.120000	0.230000	-0.100000	0.100000	-0.230000	0.170000
4997	YNL283C  	-1.270000	-1.190000	-0.860000	-0.890000	0.090000	0.460000	0.630000	0.920000	0.670000	0.730000	0.440000	0.390000	-0.210000	0.100000
5005	YNL291C  	0.700000	-0.140000	-0.180000	0.500000	0.290000	0.270000	0.530000	-0.110000	-0.180000	-0.240000	0.470000	-0.600000	-1.000000	-0.300000
5013	YNL299W  	-0.870000	-0.210000	0.100000	0.260000	1.000000	0.250000	-0.030000	0.120000	0.070000	0.290000	0.250000	-0.050000	-1.210000	0.040000
5019	YNL305C  	1.210000	-0.210000	0.010000	-0.020000	-0.170000	-0.400000	-0.310000	-0.210000	-0.110000	-0.400000	-0.080000	0.120000	0.210000	0.360000
5027	YNL313C  	-1.020000	-0.470000	-0.070000	0.190000	0.870000	0.870000	0.290000	0.060000	-0.110000	0.330000	0.180000	-0.380000	-0.570000	-0.160000
5036	YNL322C  	1.130000	-0.060000	0.070000	0.260000	0.200000	-0.050000	0.180000	-0.130000	-0.190000	-0.400000	-0.190000	-0.240000	-0.350000	-0.220000
5053	YNL339C  	-1.040000	-0.420000	-0.140000	-0.160000	0.390000	-0.110000	-0.050000	0.530000	0.340000	0.320000	-0.440000	0.390000	0.240000	0.160000
5058	YNR005C  	1.040000	-0.080000	0.430000	0.170000	0.300000	-0.280000	-0.040000	-0.200000	-0.320000	-0.380000	0.100000	-0.240000	-0.400000	-0.110000
5062	YNR009W  	-1.300000	-1.380000	0.750000	-0.410000	0.300000	0.530000	0.870000	0.950000	0.410000	0.080000	0.310000	-0.060000	-0.540000	-0.490000
5065	YNR012W  	-1.330000	0.170000	0.640000	0.470000	0.360000	0.160000	0.100000	0.080000	-0.060000	0.190000	-0.250000	-0.190000	-0.570000	0.230000
5069	YNR016C  	-1.020000	-0.360000	-0.630000	0.030000	-0.070000	-0.120000	0.350000	0.100000	0.320000	0.510000	-0.220000	0.370000	0.120000	0.610000
5096	YNR043W  	-1.180000	0.130000	-0.270000	-0.230000	0.100000	0.390000	0.210000	0.210000	0.150000	0.250000	-0.090000	0.250000	-0.150000	0.240000
5097	YNR044W  	-1.000000	-0.500000	-0.070000	-0.050000	0.110000	0.640000	0.410000	0.420000	0.130000	0.170000	0.000000	-0.120000	-0.100000	-0.030000
5106	YNR053C  	-1.380000	-0.170000	-0.060000	0.620000	0.950000	0.760000	0.280000	0.080000	-0.010000	0.570000	-0.380000	-0.640000	-0.330000	-0.290000
5107	YNR054C  	-1.210000	-0.270000	0.070000	0.330000	0.350000	0.420000	0.090000	0.200000	-0.090000	0.330000	0.190000	-0.330000	-0.230000	0.160000
5113	YNR060W  	0.020000	0.020000	1.230000	0.200000	0.290000	0.040000	0.140000	-0.010000	-0.630000	-0.170000	0.020000	-0.510000	-0.530000	-0.100000
5120	YNR067C  	0.930000	-0.590000	-0.670000	-1.510000	-1.010000	-1.510000	-1.440000	-1.010000	-0.010000	0.520000	0.750000	1.970000	2.080000	1.500000
5123	YNR070W  	1.100000	0.080000	0.050000	0.150000	0.200000	-0.150000	0.050000	-0.090000	-0.300000	-0.370000	-0.130000	-0.230000	-0.330000	-0.050000
5137	YOL007C  	-1.920000	-1.360000	0.180000	0.240000	0.440000	0.500000	0.620000	0.760000	0.260000	0.910000	0.360000	-0.040000	-1.020000	0.060000
5142	YOL012C  	0.320000	-0.470000	-0.540000	-1.040000	-0.610000	0.100000	0.280000	0.800000	0.340000	0.230000	0.280000	0.390000	0.170000	-0.240000
5146	YOL016C  	1.750000	-0.190000	0.170000	0.310000	-0.830000	0.040000	-0.070000	-0.180000	-0.510000	-0.560000	-0.070000	0.220000	-0.210000	0.140000
5155	YOL025W  	1.000000	-0.010000	-0.200000	0.160000	0.060000	-0.160000	0.230000	-0.180000	-0.450000	-0.310000	0.150000	0.050000	-0.450000	0.120000
5162	YOL032W  	1.710000	-0.220000	0.000000	0.080000	-0.390000	-0.390000	-0.190000	-0.200000	-0.130000	-0.370000	-0.090000	0.050000	0.110000	0.050000
5171	YOL041C  	-0.620000	0.010000	0.100000	0.730000	1.120000	0.690000	0.450000	0.050000	-0.350000	-0.200000	0.130000	-0.760000	-0.890000	-0.460000
5178	YOL048C  	1.340000	0.040000	0.260000	-0.020000	-0.360000	-0.490000	-0.280000	-0.360000	-0.070000	-0.490000	0.040000	-0.020000	0.270000	0.130000
5189	YOL059W  	1.350000	0.010000	0.100000	0.190000	-0.140000	-0.280000	-0.140000	-0.070000	-0.260000	-0.330000	-0.280000	-0.070000	-0.040000	-0.070000
5206	YOL077C  	-1.200000	-0.180000	0.010000	0.720000	1.230000	0.790000	0.660000	0.040000	-0.400000	-0.080000	0.310000	-0.660000	-0.750000	-0.470000
5212	YOL083W  	1.380000	0.460000	0.180000	0.150000	-0.050000	-0.810000	-0.420000	-0.230000	-0.100000	-0.380000	-0.180000	-0.030000	0.050000	-0.010000
5213	YOL084W  	0.520000	-0.050000	0.540000	0.570000	-0.840000	-0.880000	-0.840000	-0.650000	0.420000	-0.990000	-1.430000	0.570000	1.470000	1.600000
5219	YOL090W  	-1.160000	-0.970000	-0.420000	0.050000	0.320000	0.660000	0.600000	0.230000	0.580000	0.330000	0.130000	-0.080000	-0.280000	0.030000
5223	YOL094C  	-0.020000	0.040000	-2.170000	0.040000	0.500000	0.420000	0.440000	0.250000	-0.020000	-0.030000	0.220000	0.000000	0.000000	0.330000
5224	YOL095C  	0.090000	-0.130000	0.070000	0.370000	0.350000	-0.040000	0.320000	-1.230000	-0.040000	0.130000	0.240000	0.000000	-0.110000	0.000000
5238	YOL109W  	1.250000	0.120000	-0.350000	-0.070000	-0.190000	-0.480000	0.040000	0.080000	0.030000	-0.140000	0.090000	0.130000	-0.030000	-0.460000
5245	YOL116W  	1.140000	0.000000	-0.030000	0.120000	0.120000	-0.310000	-0.010000	-0.190000	-0.100000	-0.190000	0.160000	-0.150000	-0.310000	-0.260000
5251	YOL122C  	-1.310000	-0.060000	-0.290000	0.180000	-0.200000	-0.090000	-0.120000	0.510000	0.100000	0.380000	-0.140000	0.300000	0.310000	0.420000
5252	YOL123W  	-1.030000	0.410000	-0.360000	-0.060000	-0.150000	0.100000	0.300000	0.270000	0.140000	0.060000	-0.120000	0.400000	0.290000	-0.270000
5253	YOL124C  	-1.370000	-0.240000	0.240000	0.650000	0.520000	0.420000	0.090000	0.240000	-0.240000	0.500000	0.140000	-0.390000	-0.730000	0.150000
5254	YOL125W  	-1.070000	0.010000	0.010000	0.290000	0.190000	-0.070000	0.010000	0.350000	-0.120000	0.360000	0.160000	-0.020000	-0.120000	-0.020000
5255	YOL126C  	-0.620000	0.470000	-0.510000	-0.180000	-1.180000	-1.090000	-0.160000	0.560000	0.850000	0.420000	0.160000	0.460000	0.730000	0.080000
5284	YOL155C  	1.900000	-0.270000	-0.060000	-0.310000	-0.140000	-0.540000	-0.640000	-0.210000	0.270000	0.190000	-0.480000	0.040000	0.320000	-0.070000
5287	YOL158C  	0.320000	0.740000	-0.350000	-0.670000	-1.070000	-1.000000	-0.730000	0.040000	0.540000	0.420000	0.400000	0.660000	0.550000	0.140000
5298	YOR003W  	-0.460000	1.230000	-0.180000	-0.400000	-0.360000	-0.280000	-0.110000	-0.110000	0.190000	-0.100000	0.180000	0.170000	0.170000	0.060000
5311	YOR015W  	1.090000	0.160000	-0.130000	-0.250000	0.020000	-0.250000	-0.030000	0.140000	-0.230000	-0.050000	0.000000	0.110000	-0.340000	-0.250000
5315	YOR019W  	1.020000	0.020000	0.130000	-0.400000	-0.370000	-0.350000	-0.370000	0.000000	0.130000	-0.230000	-0.160000	0.250000	0.350000	0.000000
5323	YOR027W  	1.030000	0.270000	0.210000	0.130000	-0.390000	-0.480000	-0.480000	-0.240000	0.080000	-0.240000	-0.490000	0.120000	0.350000	0.120000
5326	YOR030W  	0.170000	0.130000	0.270000	0.240000	-0.010000	-0.220000	0.060000	0.170000	-0.200000	0.220000	-0.010000	0.070000	-1.020000	0.120000
5327	YOR031W  	1.860000	0.450000	0.410000	-0.010000	-0.220000	-0.120000	-0.220000	-0.500000	-0.240000	-0.380000	-0.500000	-0.300000	-0.160000	-0.080000
5328	YOR032C  	1.220000	0.110000	0.250000	0.200000	-0.030000	-0.290000	0.060000	-0.070000	-0.340000	-0.310000	0.110000	-0.270000	-0.750000	0.140000
5331	YOR035C  	1.130000	0.100000	-0.130000	-0.510000	-0.130000	-0.360000	-0.430000	-0.220000	0.250000	-0.220000	-0.240000	0.520000	0.170000	0.050000
5332	YOR036W  	1.470000	-0.450000	-0.240000	-0.280000	0.250000	-0.260000	-0.390000	-0.050000	0.000000	-0.260000	-0.110000	0.320000	0.080000	-0.090000
5337	YOR041C  	1.070000	0.000000	-0.070000	-0.350000	-0.260000	-0.390000	-0.530000	-0.010000	0.090000	-0.170000	-0.450000	0.440000	0.500000	0.110000
5344	YOR048C  	-1.010000	0.030000	-0.680000	0.110000	0.080000	0.160000	0.090000	0.290000	-0.080000	0.350000	1.030000	-0.090000	-0.490000	0.220000
5348	YOR052C  	1.330000	0.420000	-0.380000	-0.050000	-0.380000	-0.330000	-0.250000	0.040000	-0.140000	-0.330000	-0.220000	0.140000	0.100000	0.040000
5351	YOR055W  	1.210000	-0.020000	0.190000	-0.110000	-0.050000	-0.390000	-0.130000	-0.140000	-0.110000	-0.430000	-0.180000	-0.050000	0.080000	0.110000
5352	YOR056C  	-1.210000	-0.160000	0.310000	0.210000	0.740000	0.200000	0.100000	0.160000	-0.190000	0.240000	0.110000	-0.380000	-0.070000	-0.070000
5355	YOR059C  	1.080000	-0.250000	-0.100000	-0.390000	-0.080000	-0.320000	-0.010000	0.080000	0.030000	-0.040000	-0.120000	0.270000	-0.100000	-0.040000
5370	YOR074C  	-1.760000	-0.910000	-0.030000	-0.430000	0.270000	0.480000	0.210000	0.840000	0.420000	0.430000	0.670000	0.140000	-0.550000	0.210000
5385	YOR089C  	1.250000	0.000000	-0.280000	-0.150000	0.090000	-0.290000	-0.140000	0.020000	0.000000	-0.350000	-0.150000	-0.010000	0.120000	-0.110000
5391	YOR095C  	-1.290000	-0.180000	0.240000	0.620000	0.580000	0.220000	0.330000	-0.010000	-0.130000	0.050000	0.280000	-0.220000	-0.290000	-0.200000
5394	YOR098C  	-1.330000	-0.090000	-0.050000	0.120000	0.170000	-0.480000	0.250000	0.150000	0.230000	0.440000	0.080000	0.250000	-0.110000	0.360000
5396	YOR100C  	-1.340000	0.020000	0.280000	-1.040000	-1.150000	-0.610000	0.010000	0.600000	0.790000	0.740000	0.420000	0.670000	0.510000	0.110000
5403	YOR107W  	1.320000	-0.580000	-0.140000	0.340000	0.470000	0.120000	0.080000	0.020000	-0.140000	-0.140000	-0.530000	-0.180000	-0.390000	-0.220000
5409	YOR113W  	1.350000	0.100000	-0.390000	-0.210000	-0.280000	-0.590000	-0.340000	-0.100000	0.080000	-0.060000	-0.280000	0.380000	0.290000	0.050000
5416	YOR120W  	1.220000	-0.230000	0.000000	0.130000	-0.410000	-0.430000	-0.240000	-0.430000	-0.190000	-0.390000	-0.190000	0.230000	0.560000	0.390000
5417	YOR121C  	1.000000	-0.170000	0.200000	0.290000	0.190000	-0.550000	-0.290000	-0.230000	-0.130000	-0.310000	-0.190000	-0.110000	0.110000	0.170000
5418	YOR122C  	1.170000	0.080000	0.000000	-0.200000	-0.310000	-0.360000	-0.420000	0.030000	0.080000	0.010000	-0.180000	-0.050000	0.150000	-0.010000
5428	YOR132W  	1.080000	-0.390000	-0.390000	-0.330000	-0.210000	0.010000	-0.180000	0.030000	0.250000	0.120000	-0.390000	0.280000	0.140000	0.000000
5468	YOR172W  	1.200000	0.200000	-0.100000	0.120000	0.340000	-0.320000	0.240000	-0.040000	-0.110000	-0.170000	-0.130000	-0.300000	-0.670000	-0.260000
5469	YOR173W  	1.980000	0.470000	0.250000	0.180000	-0.890000	-0.990000	-0.920000	-0.300000	-0.070000	-0.990000	-0.770000	0.660000	0.890000	0.490000
5470	YOR174W  	1.010000	-0.010000	0.180000	-0.080000	0.350000	-0.330000	0.090000	0.110000	-0.060000	-0.300000	0.120000	-0.280000	-0.560000	-0.230000
5471	YOR175C  	0.230000	1.330000	-0.290000	-0.330000	-0.230000	-0.310000	-0.040000	-0.060000	0.010000	-0.040000	-0.060000	0.140000	-0.040000	-0.310000
5474	YOR178C  	1.060000	0.110000	0.470000	-0.430000	-0.550000	0.190000	0.140000	0.120000	-0.170000	-0.380000	-0.030000	0.020000	-0.310000	-0.230000
5489	YOR193W  	1.180000	0.110000	0.230000	0.050000	0.070000	-0.240000	-0.070000	-0.180000	-0.280000	-0.430000	0.100000	-0.300000	-0.130000	-0.110000
5497	YOR201C  	-1.040000	-0.460000	-0.390000	0.070000	0.050000	-0.010000	0.230000	0.270000	0.250000	0.270000	0.080000	0.410000	0.240000	0.040000
5505	YOR209C  	1.070000	-0.500000	-0.080000	0.010000	-0.150000	0.140000	0.060000	0.030000	-0.080000	-0.090000	0.010000	0.060000	-0.350000	-0.130000
5511	YOR215C  	1.740000	0.210000	0.310000	-0.170000	-0.140000	-0.600000	-0.490000	-0.440000	-0.120000	-0.470000	-0.120000	0.110000	0.250000	-0.070000
5516	YOR220W  	2.730000	0.250000	0.300000	-0.580000	-0.690000	-0.520000	-0.420000	-0.330000	-0.380000	-0.330000	0.090000	-0.100000	0.060000	-0.080000
5517	YOR221C  	1.190000	0.170000	0.010000	0.320000	0.180000	-0.520000	-0.250000	-0.060000	-0.180000	-0.220000	0.020000	-0.090000	-0.330000	-0.240000
5519	YOR223W  	1.140000	-0.450000	0.040000	0.130000	0.110000	-0.220000	-0.060000	-0.140000	-0.070000	-0.390000	0.020000	0.010000	-0.170000	0.050000
5529	YOR233W  	-1.250000	-0.250000	-0.290000	0.400000	0.130000	0.020000	-0.190000	0.340000	0.400000	0.320000	-0.150000	0.050000	0.320000	0.130000
5541	YOR245C  	1.060000	-0.090000	0.140000	-0.130000	-0.130000	-0.150000	-0.090000	-0.010000	-0.070000	-0.110000	-0.150000	-0.030000	-0.210000	-0.050000
5543	YOR247W  	-2.150000	-2.780000	-1.870000	-0.780000	0.420000	0.950000	1.260000	1.290000	1.140000	0.940000	0.660000	0.690000	0.180000	0.050000
5544	YOR248W  	-2.450000	-2.360000	0.150000	-1.190000	-0.020000	0.780000	0.890000	0.980000	0.830000	0.880000	0.930000	0.580000	-0.090000	0.100000
5548	YOR252W  	0.000000	-0.500000	-0.050000	-0.030000	1.010000	0.710000	-0.160000	-0.030000	-0.120000	0.030000	0.220000	-0.390000	-0.550000	-0.140000
5553	YOR257W  	1.450000	-0.040000	-0.240000	0.070000	0.000000	-0.240000	-0.070000	0.000000	-0.180000	-0.180000	0.020000	-0.020000	-0.370000	-0.180000
5557	YOR261C  	1.420000	0.160000	-0.100000	-0.020000	-0.370000	-0.350000	-0.160000	-0.100000	-0.100000	-0.320000	-0.100000	0.090000	0.090000	-0.160000
5559	YOR263C  	1.130000	-0.790000	-0.320000	-0.370000	-0.220000	-0.940000	-0.980000	-0.940000	-0.250000	0.040000	0.710000	1.090000	0.850000	1.010000
5560	YOR264W  	0.320000	-0.530000	-0.110000	-0.930000	-1.170000	-0.560000	0.170000	-0.680000	-0.470000	0.180000	0.560000	1.070000	1.000000	1.150000
5563	YOR267C  	1.390000	-0.220000	-0.180000	-0.030000	-0.260000	-0.320000	-0.090000	-0.120000	0.030000	-0.050000	-0.050000	0.100000	0.020000	-0.220000
5571	YOR275C  	1.180000	-0.120000	0.040000	0.110000	-0.010000	-0.330000	-0.180000	0.040000	0.020000	-0.280000	-0.330000	0.060000	0.000000	-0.200000
5585	YOR289W  	1.370000	0.030000	0.290000	0.330000	0.060000	-0.550000	-0.210000	-0.320000	-0.380000	-0.520000	0.040000	-0.100000	-0.040000	0.010000
5590	YOR294W  	-1.300000	0.010000	0.410000	0.200000	0.930000	0.610000	-0.710000	0.190000	-0.010000	0.500000	0.260000	-0.560000	-0.510000	-0.010000
5594	YOR298W  	1.190000	-0.210000	-0.050000	0.170000	-0.270000	-0.310000	-0.340000	-0.230000	0.060000	-0.380000	0.320000	0.140000	-0.050000	-0.050000
5597	YOR301W  	-1.060000	-0.490000	-0.210000	-0.410000	0.130000	-0.380000	-0.040000	0.280000	0.410000	0.320000	-0.020000	0.550000	0.740000	0.200000
5598	YOR302W  	-1.390000	-0.910000	-0.070000	0.800000	0.580000	0.440000	-0.210000	-0.210000	0.220000	0.090000	-0.630000	-0.010000	0.570000	0.720000
5599	YOR303W  	-1.540000	-1.250000	0.420000	0.960000	0.870000	0.260000	0.150000	-0.060000	-0.160000	-0.230000	-0.800000	0.050000	0.630000	0.700000
5607	YOR310C  	-1.560000	-0.580000	0.270000	0.260000	1.190000	0.820000	0.420000	0.290000	-0.200000	0.310000	0.430000	-0.770000	-0.710000	-0.170000
5609	YOR312C  	-1.090000	-0.170000	-0.050000	0.200000	0.290000	0.520000	0.310000	0.470000	0.020000	0.070000	0.150000	-0.120000	-0.410000	-0.200000
5610	YOR313C  	-0.920000	-0.920000	-0.880000	-1.110000	-0.750000	-0.180000	0.310000	0.490000	0.270000	0.790000	0.880000	0.960000	0.640000	0.430000
5612	YOR315W  	-1.460000	-1.210000	-0.510000	-1.020000	-0.960000	-0.170000	0.350000	0.560000	0.640000	1.160000	1.040000	0.800000	0.430000	0.340000
5613	YOR316C  	-1.450000	-0.320000	-0.390000	-0.340000	-0.540000	-0.200000	0.070000	0.280000	0.400000	0.450000	0.480000	0.460000	0.660000	0.440000
5624	YOR327C  	1.340000	-0.080000	-0.390000	-0.170000	-0.170000	-0.030000	0.020000	0.040000	0.020000	-0.150000	-0.110000	0.050000	-0.170000	-0.220000
5632	YOR335C  	-1.100000	-0.240000	-0.030000	0.060000	0.160000	0.230000	0.320000	0.240000	0.150000	0.560000	0.130000	-0.020000	-0.220000	-0.260000
5635	YOR338W  	0.360000	0.170000	0.400000	0.610000	1.360000	0.450000	-0.090000	-0.670000	-0.590000	-0.340000	-0.090000	-0.430000	-0.860000	-0.270000
5637	YOR340C  	-1.000000	-0.110000	0.080000	0.570000	1.100000	0.610000	0.240000	0.020000	-0.290000	0.070000	0.310000	-0.640000	-0.760000	-0.200000
5641	YOR344C  	1.460000	0.640000	-0.120000	0.400000	0.430000	-0.090000	-0.280000	-0.230000	-0.640000	-0.460000	-0.120000	-0.300000	-0.490000	-0.180000
5645	YOR348C  	-1.860000	-0.130000	0.110000	0.030000	-0.330000	-0.360000	0.090000	0.600000	0.630000	0.230000	-0.020000	0.240000	0.430000	0.360000
5647	YOR350C  	0.100000	1.340000	-0.010000	-0.210000	-0.190000	0.150000	-0.140000	0.040000	-0.100000	-0.210000	0.190000	-0.500000	-0.270000	-0.190000
5662	YOR365C  	0.610000	0.050000	0.530000	0.720000	0.640000	0.150000	0.180000	-0.180000	-1.400000	-0.330000	0.250000	-0.280000	-0.730000	-0.200000
5665	YOR368W  	-0.740000	-0.290000	0.500000	-0.140000	0.250000	0.250000	0.450000	-0.160000	-0.040000	-0.080000	1.040000	-0.040000	-0.930000	-0.060000
5671	YOR374W  	-0.820000	-0.040000	-0.020000	-0.370000	-0.670000	-0.230000	-0.490000	0.170000	0.410000	0.130000	-0.260000	0.520000	1.120000	0.530000
5679	YOR382W  	2.320000	2.470000	0.250000	-0.190000	-0.900000	-0.670000	-0.610000	-0.300000	-0.350000	-0.370000	-0.120000	-0.150000	-0.530000	-0.860000
5680	YOR383C  	1.260000	1.520000	-0.240000	0.740000	-0.170000	-0.440000	-0.680000	-0.150000	-0.200000	-0.170000	-1.020000	-0.030000	-0.060000	-0.360000
5681	YOR384W  	0.300000	1.130000	-0.100000	0.030000	-0.260000	-0.200000	-0.200000	0.190000	-0.240000	0.080000	0.090000	0.080000	-0.830000	-0.060000
5682	YOR385W  	1.630000	0.190000	0.520000	-0.070000	0.220000	-0.130000	-0.280000	-0.330000	-0.280000	-0.380000	-0.090000	-0.350000	-0.460000	-0.190000
5683	YOR386W  	1.660000	0.370000	0.130000	-0.260000	-0.580000	-0.440000	-0.320000	-0.240000	-0.400000	-0.510000	0.230000	0.290000	-0.160000	0.230000
5703	YPL012W  	-1.820000	-0.450000	-0.160000	0.940000	1.100000	0.710000	0.450000	0.170000	-0.210000	0.800000	0.350000	-0.650000	-1.050000	-0.190000
5710	YPL019C  	-1.070000	0.510000	0.200000	0.490000	0.750000	0.400000	0.220000	-0.290000	-0.270000	-0.240000	0.140000	0.070000	-0.490000	-0.420000
5711	YPL020C  	1.040000	-0.010000	-0.370000	0.010000	0.190000	-0.120000	0.230000	-0.040000	-0.330000	-0.020000	0.010000	-0.170000	-0.260000	-0.150000
5729	YPL038W  	0.370000	0.180000	-1.450000	0.400000	0.460000	0.300000	0.170000	0.170000	-0.400000	-0.150000	0.300000	-0.100000	-0.400000	0.170000
5731	YPL040C  	-0.750000	-0.260000	-1.190000	-0.310000	-0.010000	0.110000	0.420000	0.090000	0.280000	0.370000	0.320000	0.330000	0.200000	0.400000
5734	YPL043W  	-1.200000	-0.220000	-0.010000	0.610000	0.950000	0.690000	0.150000	0.110000	-0.120000	0.190000	-0.200000	-0.420000	-0.420000	-0.120000
5735	YPL044C  	-1.320000	-0.240000	-0.570000	0.570000	1.020000	0.350000	0.090000	0.040000	-0.030000	0.600000	-0.140000	-0.260000	-0.360000	0.250000
5748	YPL057C  	1.680000	-0.400000	-0.300000	-0.450000	0.060000	-0.140000	0.180000	-0.140000	-0.080000	-0.190000	-0.250000	0.210000	0.070000	-0.250000
5749	YPL058C  	0.330000	-0.170000	1.060000	0.170000	0.280000	0.020000	0.190000	-0.290000	0.390000	-0.760000	-0.240000	-0.340000	-0.760000	0.100000
5752	YPL061W  	-1.080000	0.700000	0.430000	0.580000	0.510000	0.040000	0.140000	0.140000	-0.130000	-0.030000	-0.250000	-0.150000	-0.410000	-0.500000
5759	YPL068C  	-0.160000	-0.780000	-0.080000	0.590000	0.900000	0.170000	-0.040000	0.030000	0.010000	0.410000	-0.060000	-0.120000	-1.060000	0.200000
5773	YPL082C  	1.120000	-0.400000	-0.230000	0.210000	0.240000	-0.370000	0.020000	-0.260000	0.320000	0.080000	-0.300000	0.010000	-0.400000	-0.050000
5775	YPL084W  	1.160000	0.170000	0.010000	0.310000	0.040000	-0.120000	0.000000	-0.310000	-0.350000	-0.200000	0.060000	-0.310000	-0.470000	0.010000
5778	YPL087W  	1.140000	-0.090000	0.070000	0.140000	-0.360000	-0.240000	-0.170000	-0.240000	-0.310000	-0.310000	0.070000	0.110000	0.210000	-0.040000
5779	YPL088W  	1.370000	-0.250000	-0.100000	0.220000	0.340000	0.260000	0.370000	-0.360000	-0.320000	-0.150000	0.010000	-0.520000	-0.660000	-0.210000
5780	YPL089C  	1.100000	-0.170000	0.050000	0.260000	0.120000	-0.170000	-0.120000	-0.300000	-0.400000	-0.050000	-0.050000	-0.020000	0.050000	-0.310000
5781	YPL090C  	-1.170000	-0.510000	0.100000	0.480000	-0.090000	0.250000	-0.060000	0.750000	0.320000	0.390000	-0.410000	0.000000	0.020000	-0.090000
5784	YPL093W  	-1.770000	0.110000	-0.080000	0.440000	1.360000	0.990000	0.350000	0.170000	-0.330000	0.600000	0.310000	-0.890000	-0.960000	-0.310000
5791	YPL100W  	1.460000	0.130000	0.060000	0.030000	-0.010000	-0.220000	0.050000	-0.200000	-0.500000	-0.260000	0.050000	-0.140000	-0.520000	0.080000
5800	YPL109C  	1.010000	0.210000	0.280000	0.150000	-0.330000	-0.310000	0.040000	-0.220000	-0.290000	-0.310000	0.080000	-0.070000	-0.080000	-0.150000
5802	YPL111W  	0.620000	0.680000	0.560000	0.580000	0.260000	0.110000	0.140000	-0.080000	-0.420000	-1.000000	-0.380000	-0.400000	-0.430000	-0.240000
5813	YPL122C  	0.310000	-0.340000	0.110000	0.180000	0.470000	0.410000	0.210000	0.070000	-0.100000	-0.030000	0.180000	-0.340000	-1.120000	-0.030000
5814	YPL123C  	2.110000	0.570000	-0.570000	0.500000	-0.540000	-0.650000	-0.300000	-0.210000	-0.240000	-0.710000	-0.170000	0.000000	0.090000	0.140000
5818	YPL127C  	-0.970000	-1.380000	-1.310000	-0.970000	0.140000	0.710000	0.880000	1.060000	0.760000	0.490000	0.530000	0.360000	0.070000	-0.360000
5825	YPL134C  	-1.060000	-0.270000	-0.100000	-0.070000	-0.330000	-0.510000	-0.340000	0.510000	0.290000	0.360000	0.110000	0.510000	0.510000	0.410000
5832	YPL141C  	-0.700000	-0.510000	-0.620000	-1.020000	-0.730000	-0.300000	-0.060000	0.280000	0.790000	0.780000	0.220000	0.950000	0.540000	0.380000
5833	YPL142C  	-1.180000	-0.370000	0.120000	0.130000	0.140000	0.210000	0.140000	0.500000	0.180000	0.370000	0.160000	-0.080000	-0.260000	-0.050000
5837	YPL146C  	-0.350000	-0.420000	-0.160000	0.180000	1.200000	0.870000	0.200000	-0.020000	-0.160000	0.020000	0.230000	-0.790000	-0.370000	-0.420000
5838	YPL147W  	1.090000	0.340000	0.180000	-0.220000	-0.580000	-0.660000	-0.390000	-0.070000	-0.070000	-0.370000	-0.020000	0.280000	0.590000	-0.100000
5849	YPL158C  	-0.960000	-0.790000	1.020000	-1.030000	-0.590000	-0.370000	-0.280000	-0.650000	-0.390000	0.140000	0.800000	1.140000	1.210000	0.760000
5850	YPL159C  	1.180000	0.080000	0.030000	-0.090000	0.200000	0.120000	-0.020000	-0.230000	-0.130000	-0.130000	-0.270000	-0.230000	-0.210000	-0.290000
5851	YPL160W  	-1.260000	-0.260000	0.000000	-0.100000	0.530000	0.530000	-0.090000	0.200000	0.060000	0.390000	0.220000	0.030000	-0.250000	0.010000
5854	YPL163C  	-1.710000	0.700000	-1.020000	-0.530000	0.210000	0.580000	0.550000	0.610000	0.220000	0.460000	0.280000	0.130000	-0.630000	0.150000
5856	YPL165C  	1.510000	1.770000	0.190000	-0.340000	-0.340000	-0.510000	-0.300000	-0.380000	-0.300000	-0.590000	-0.340000	-0.100000	-0.210000	-0.050000
5857	YPL166W  	1.490000	0.290000	-0.330000	-0.470000	-0.330000	-0.210000	-0.140000	-0.100000	-0.420000	-0.330000	0.290000	0.260000	-0.100000	0.130000
5874	YPL183C  	-0.970000	1.180000	0.020000	0.680000	0.390000	0.400000	-0.020000	-0.290000	-0.050000	0.110000	-0.180000	-0.350000	-0.560000	-0.350000
5876	YPL185W  	1.270000	0.380000	0.410000	0.300000	-0.360000	-0.540000	-0.400000	-0.280000	-0.260000	-0.630000	-0.210000	0.100000	0.130000	0.090000
5877	YPL186C  	1.680000	0.640000	-0.910000	0.150000	-0.610000	-0.630000	-0.180000	-0.230000	-0.280000	-0.330000	-0.310000	0.230000	0.460000	0.330000
5880	YPL189W  	0.310000	-0.030000	0.120000	0.500000	0.440000	0.010000	-0.030000	0.140000	-0.100000	-0.270000	0.270000	-1.300000	-0.170000	0.100000
5894	YPL203W  	1.640000	-0.050000	-0.120000	-0.330000	-0.580000	-0.520000	-0.240000	-0.030000	0.110000	-0.310000	-0.500000	0.370000	0.420000	0.140000
5898	YPL207W  	-1.450000	-0.490000	0.180000	0.630000	0.500000	0.590000	0.530000	0.350000	0.170000	0.120000	-0.210000	-0.170000	-0.560000	-0.190000
5902	YPL211W  	-0.820000	-0.460000	-0.030000	0.580000	1.050000	0.680000	0.270000	0.060000	-0.240000	0.040000	0.020000	-0.440000	-0.510000	-0.200000
5903	YPL212C  	-0.870000	-0.110000	-0.160000	0.390000	1.110000	0.790000	0.030000	-0.240000	-0.200000	0.270000	0.020000	-0.520000	-0.370000	-0.150000
5908	YPL217C  	-1.070000	-0.340000	-0.290000	0.270000	0.930000	0.310000	0.370000	0.100000	-0.150000	0.440000	-0.040000	-0.110000	-0.400000	-0.020000
5910	YPL219W  	1.070000	-0.160000	-0.240000	0.050000	-0.200000	-0.460000	-0.030000	0.000000	-0.120000	-0.110000	0.070000	0.110000	0.050000	-0.030000
5914	YPL223C  	0.170000	-0.130000	0.480000	1.730000	0.880000	0.060000	-0.160000	-0.440000	-0.240000	-0.730000	-1.110000	-0.990000	0.020000	0.450000
5916	YPL225W  	1.260000	0.300000	0.120000	0.100000	-0.120000	-0.390000	-0.300000	-0.220000	-0.030000	-0.460000	-0.050000	-0.090000	-0.020000	-0.090000
5917	YPL226W  	-1.330000	-0.090000	-0.050000	0.400000	0.910000	0.510000	0.550000	0.330000	-0.180000	0.460000	0.000000	-0.440000	-0.820000	-0.260000
5921	YPL230W  	1.230000	0.250000	-0.120000	-0.180000	-1.140000	-0.260000	-0.010000	0.100000	-0.270000	-0.570000	-0.010000	0.470000	0.370000	0.140000
5922	YPL231W  	-1.200000	-0.140000	-0.260000	0.320000	0.340000	0.360000	-0.060000	0.320000	0.020000	0.420000	-0.090000	0.060000	-0.150000	0.060000
5931	YPL240C  	1.460000	0.180000	-0.030000	0.220000	-0.200000	-0.440000	-1.030000	-0.320000	-0.030000	-0.200000	0.000000	0.040000	0.510000	-0.150000
5933	YPL242C  	-0.790000	-1.330000	-0.020000	-0.610000	-0.670000	-0.330000	-0.020000	0.370000	0.720000	0.850000	0.800000	0.540000	0.350000	0.140000
5938	YPL247C  	1.250000	0.080000	0.080000	0.320000	-0.320000	-0.640000	-0.280000	-0.060000	0.010000	-0.320000	-0.560000	0.170000	0.140000	0.140000
5947	YPL256C  	-1.770000	-1.770000	0.170000	0.000000	0.400000	0.680000	0.570000	0.600000	0.270000	0.600000	0.400000	-0.300000	-0.550000	0.680000
5950	YPL259C  	1.200000	0.050000	-0.040000	0.140000	-0.060000	-0.180000	0.160000	-0.220000	-0.400000	-0.250000	0.080000	-0.200000	-0.060000	-0.230000
5951	YPL260W  	1.500000	-0.270000	-0.150000	0.090000	-0.080000	-0.230000	-0.070000	-0.420000	-0.230000	-0.170000	0.180000	-0.020000	-0.070000	-0.050000
5958	YPL267W  	-0.320000	-0.660000	0.000000	0.040000	0.810000	0.490000	0.640000	0.490000	0.090000	0.240000	0.090000	-0.320000	-1.250000	-0.350000
5974	YPL283C  	-1.020000	-0.400000	-0.110000	0.140000	0.220000	0.310000	0.060000	0.170000	0.260000	0.160000	-0.300000	0.340000	-0.020000	0.200000
5976	YPR002W  	-1.700000	-0.090000	-0.460000	-0.230000	-0.220000	-0.390000	0.270000	0.120000	0.410000	0.640000	0.340000	0.580000	0.350000	0.360000
5980	YPR006C  	-1.600000	-0.500000	-0.800000	-0.550000	-0.950000	-0.400000	-0.080000	0.500000	0.900000	0.990000	0.600000	0.870000	0.570000	0.450000
5992	YPR018W  	-1.010000	-0.490000	-0.120000	0.170000	0.330000	0.240000	0.400000	0.100000	0.340000	0.330000	-0.160000	-0.140000	0.020000	0.000000
6004	YPR030W  	1.870000	-0.030000	0.020000	-0.350000	-0.510000	-0.490000	-0.460000	-0.240000	0.090000	-0.370000	-0.510000	0.530000	0.220000	0.220000
6007	YPR033C  	-1.190000	-0.380000	-0.250000	-0.380000	0.390000	0.470000	-0.030000	0.470000	0.310000	0.590000	0.340000	0.230000	-0.720000	0.160000
6009	YPR035W  	1.100000	-0.250000	-0.700000	-0.180000	-0.380000	-0.170000	-0.360000	0.350000	0.410000	0.340000	-0.560000	0.040000	0.250000	0.100000
6021	YPR047W  	0.020000	-0.420000	-1.010000	-0.310000	-0.200000	-0.180000	0.070000	0.250000	0.070000	0.140000	0.480000	0.530000	0.240000	0.330000
6026	YPR052C  	-0.030000	1.440000	-0.050000	0.340000	-0.340000	-0.200000	-0.210000	-0.400000	0.020000	-0.070000	-0.340000	-0.010000	-0.140000	-0.010000
6048	YPR074C  	-1.950000	-0.890000	-0.140000	0.560000	0.670000	0.330000	0.320000	0.530000	0.340000	0.310000	0.150000	0.200000	-0.270000	-0.170000
6083	YPR109W  	1.390000	-0.390000	-0.360000	-0.110000	0.490000	0.240000	-0.230000	-0.020000	-0.250000	-0.100000	-0.100000	-0.210000	-0.300000	-0.060000
6089	YPR115W  	0.250000	-0.650000	0.140000	0.200000	-0.090000	-0.090000	0.420000	0.270000	0.150000	-0.060000	0.140000	0.450000	-1.020000	-0.120000
6093	YPR119W  	-1.750000	-1.290000	0.250000	-1.290000	-1.180000	-0.550000	0.630000	0.540000	0.370000	0.950000	1.080000	0.790000	0.850000	0.610000
6112	YPR138C  	1.070000	0.010000	0.120000	-0.230000	0.170000	-0.170000	-0.270000	0.120000	-0.040000	-0.170000	-0.440000	-0.040000	-0.020000	-0.130000
6116	YPR142C  	0.120000	-0.270000	0.030000	0.360000	1.090000	0.410000	0.150000	0.010000	-0.220000	-0.010000	-0.090000	-0.550000	-0.550000	-0.490000
6119	YPR145W  	-0.270000	-0.480000	-1.340000	0.260000	0.370000	0.330000	-0.100000	0.400000	0.140000	0.390000	-0.200000	0.010000	0.240000	0.240000
6123	YPR149W  	1.220000	-0.160000	-0.200000	-0.210000	-0.960000	-0.930000	-0.590000	-0.120000	0.520000	0.160000	-0.290000	0.600000	0.810000	0.160000
6124	YPR150W  	1.300000	0.410000	0.210000	-0.640000	-0.140000	-0.670000	-0.290000	0.180000	0.140000	-0.590000	-0.290000	0.030000	0.300000	0.060000
6125	YPR151C  	1.310000	0.050000	-0.170000	0.230000	-0.250000	-0.760000	-0.060000	-0.220000	0.360000	-0.170000	-0.460000	-0.060000	0.210000	-0.010000
6127	YPR153W  	0.380000	-0.260000	-0.080000	-1.000000	0.290000	0.250000	0.180000	-0.020000	-0.100000	-0.170000	-0.060000	0.120000	0.250000	0.230000
6128	YPR154W  	1.680000	0.220000	-0.050000	-0.210000	-0.280000	-0.750000	-0.660000	-0.070000	0.030000	0.060000	-0.440000	0.200000	0.200000	0.080000
6129	YPR155C  	1.020000	0.100000	-0.100000	-0.440000	-0.210000	-0.260000	-0.310000	0.240000	0.240000	-0.240000	-0.310000	0.290000	0.040000	-0.080000
6130	YPR156C  	-0.170000	-1.130000	-0.910000	-1.210000	-0.940000	-0.600000	-0.390000	0.450000	0.960000	0.970000	0.630000	1.060000	0.740000	0.560000
6134	YPR160W  	1.520000	0.410000	-0.060000	-0.680000	-1.710000	-1.120000	-1.010000	-0.180000	0.520000	-0.140000	-0.410000	1.070000	1.170000	0.620000
6166	YPR192W  	1.190000	0.480000	0.540000	0.010000	0.010000	-0.500000	-0.700000	-0.170000	0.050000	-0.380000	-0.410000	-0.030000	0.090000	-0.170000
6169	YPR195C  	1.040000	0.710000	0.650000	0.180000	0.030000	-0.130000	-0.300000	-0.300000	-0.260000	-0.600000	-0.320000	-0.240000	-0.190000	-0.280000
6176	YPR202W  	-1.040000	-0.360000	-0.440000	-0.320000	0.250000	0.350000	0.210000	0.180000	0.400000	0.380000	-0.160000	0.370000	-0.040000	0.210000
6178	YPR204W  	-1.090000	-0.390000	-0.280000	-0.260000	-0.010000	0.170000	0.350000	0.250000	0.340000	0.250000	-0.340000	0.550000	0.220000	0.250000
